595528.24	3348029.93	0.03
595529.37	3348029.09	0.06
595525.86	3348029.54	0.09
595526.55	3348029.31	0.22
595527.30	3348029.06	0.26
595529.46	3348028.33	0.19
595524.20	3348029.34	0.03
595524.93	3348029.10	0.36
595527.85	3348028.12	0.36
595529.95	3348027.41	-0.09
595519.74	3348029.52	-0.16
595520.41	3348029.29	-0.16
595521.16	3348029.05	0.22
595523.27	3348028.34	0.16
595525.46	3348027.61	0.13
595526.24	3348027.35	0.26
595526.95	3348027.11	0.45
595529.77	3348026.15	-0.09
595520.89	3348029.56	0.06
595521.67	3348029.31	0.26
595522.36	3348029.07	0.22
595523.03	3348028.84	-0.03
595523.79	3348028.59	0.19
595525.25	3348028.10	0.09
595525.96	3348027.86	0.09
595526.71	3348027.61	0.22
595527.47	3348027.36	0.42
595516.35	3348029.90	-0.45
595517.05	3348029.67	-0.29
595517.72	3348029.44	-0.36
595518.39	3348029.21	-0.29
595519.17	3348028.96	-0.16
595519.85	3348028.73	-0.29
595520.60	3348028.48	0.03
595521.97	3348028.02	-0.06
595522.72	3348027.76	-0.03
595524.17	3348027.28	0.13
595525.66	3348026.78	-0.06
595526.39	3348026.54	0.39
595529.19	3348025.59	0.00
595514.16	3348029.89	-0.26
595515.57	3348029.41	-0.29
595516.98	3348028.94	-0.32
595517.67	3348028.71	-0.19
595519.11	3348028.22	-0.55
595519.87	3348027.96	-0.39
595520.50	3348027.77	0.29
595521.23	3348027.52	0.00
595521.97	3348027.26	-0.22
595522.71	3348027.01	-0.16
595523.41	3348026.78	-0.13
595525.61	3348026.05	0.13
595528.42	3348025.10	0.03
595529.13	3348024.86	0.03
595512.07	3348029.80	-0.59
595513.54	3348029.31	-0.39
595514.98	3348028.83	-0.32
595515.69	3348028.59	-0.13
595516.38	3348028.35	-0.62
595517.04	3348028.14	-0.16
595517.82	3348027.88	-0.06
595519.91	3348027.17	-0.22
595520.61	3348026.94	0.22
595521.40	3348026.67	-0.22
595522.11	3348026.44	0.03
595523.53	3348025.96	-0.03
595524.32	3348025.70	0.03
595525.03	3348025.46	0.22
595527.09	3348024.77	0.29
595527.82	3348024.52	0.26
595521.24	3348026.23	-0.06
595522.01	3348025.97	0.13
595522.72	3348025.73	-0.09
595523.44	3348025.49	-0.26
595524.19	3348025.24	0.13
595526.98	3348024.31	0.36
595508.32	3348029.94	-0.39
595508.98	3348029.72	-0.26
595510.49	3348029.21	-0.62
595511.93	3348028.72	-0.55
595512.67	3348028.47	-0.62
595514.79	3348027.76	-0.55
595515.49	3348027.53	-0.52
595516.17	3348027.30	-0.22
595516.91	3348027.06	0.09
595517.57	3348026.83	-0.32
595519.75	3348026.10	-0.32
595520.48	3348025.86	-0.13
595521.21	3348025.62	-0.19
595510.55	3348029.81	-0.55
595512.00	3348029.32	-0.72
595513.44	3348028.85	-0.36
595514.87	3348028.37	-0.29
595516.25	3348027.90	-0.36
595516.95	3348027.67	0.00
595519.81	3348026.71	-0.22
595522.67	3348025.12	-0.45
595523.43	3348024.87	-0.16
595507.72	3348029.36	-0.52
595508.40	3348029.13	-0.36
595509.89	3348028.63	-0.52
595510.60	3348028.39	-0.42
595511.31	3348028.15	-0.45
595512.07	3348027.89	-0.59
595512.81	3348027.65	-0.19
595514.89	3348026.95	-0.55
595516.32	3348026.47	-0.19
595517.01	3348026.25	0.06
595518.46	3348025.75	-0.49
595519.17	3348025.51	-0.39
595519.88	3348025.28	-0.16
595520.65	3348025.02	-0.03
595522.07	3348024.53	-0.45
595522.82	3348024.28	-0.26
595503.81	3348029.94	0.06
595504.47	3348029.72	0.13
595505.21	3348029.47	0.13
595507.39	3348028.73	-0.36
595508.04	3348028.51	-0.22
595509.55	3348028.00	-0.36
595510.25	3348027.77	-0.49
595511.72	3348027.27	-0.49
595514.57	3348026.31	-0.75
595515.24	3348026.09	-0.59
595515.99	3348025.84	-0.29
595518.10	3348025.13	-0.52
595518.80	3348024.90	-0.42
595519.55	3348024.65	-0.16
595520.27	3348024.41	-0.09
595503.30	3348029.60	0.03
595503.97	3348029.38	0.16
595504.73	3348029.13	0.52
595506.87	3348028.40	-0.32
595507.59	3348028.16	-0.29
595509.76	3348027.43	-0.36
595510.47	3348027.19	-0.19
595511.98	3348026.68	-0.52
595512.68	3348026.45	-0.22
595514.06	3348025.97	-0.68
595514.77	3348025.74	-0.39
595515.48	3348025.50	-0.36
595516.17	3348025.28	0.03
595517.64	3348024.77	-0.59
595518.35	3348024.53	-0.65
595519.04	3348024.31	-0.29
595500.07	3348029.47	0.95
595500.74	3348029.25	0.78
595502.88	3348028.51	0.00
595503.62	3348028.26	0.06
595504.24	3348028.06	0.62
595502.85	3348029.07	0.09
595503.52	3348028.85	0.09
595504.25	3348028.61	0.39
595507.07	3348027.64	-0.32
595508.59	3348027.14	-0.36
595509.29	3348026.90	-0.39
595510.03	3348026.65	-0.45
595511.53	3348026.15	-0.29
595512.18	3348025.94	0.03
595513.60	3348025.44	-0.82
595515.05	3348024.96	-0.55
595515.70	3348024.75	-0.29
595516.47	3348024.49	-0.19
595505.74	3348027.55	-0.03
595509.35	3348026.34	-0.26
595510.11	3348026.09	-0.03
595510.85	3348025.83	-0.29
595511.52	3348025.62	0.09
595512.21	3348025.38	0.13
595514.38	3348024.64	-0.72
595515.05	3348024.42	-0.39
595500.19	3348028.42	1.04
595500.85	3348028.20	0.88
595503.04	3348027.45	0.09
595503.71	3348027.23	0.26
595505.17	3348026.73	-0.09
595505.82	3348026.51	-0.13
595507.32	3348026.00	-0.22
595508.79	3348025.51	-0.36
595509.49	3348025.27	-0.16
595510.28	3348025.00	-0.39
595510.93	3348024.79	-0.16
595502.78	3348027.21	0.06
595503.42	3348027.00	0.45
595505.56	3348026.28	0.00
595506.32	3348026.02	0.16
595507.05	3348025.78	0.06
595508.51	3348025.28	-0.39
595509.25	3348025.04	0.09
595509.99	3348024.79	-0.03
595510.66	3348024.56	0.00
595511.39	3348024.32	-0.09
595500.62	3348027.30	1.44
595503.51	3348026.31	0.42
595504.89	3348025.84	0.06
595507.09	3348025.10	-0.13
595508.57	3348024.60	0.00
595509.32	3348024.35	0.13
595500.01	3348026.74	1.41
595500.68	3348026.50	0.85
595502.19	3348025.99	0.13
595502.91	3348025.75	0.49
595503.57	3348025.53	0.65
595500.05	3348026.06	1.54
595504.42	3348024.57	0.42
595500.38	3348025.26	1.47
595503.19	3348024.30	0.65
595529.26	3348024.04	0.13
595525.55	3348024.16	-0.13
595526.22	3348023.94	0.13
595526.91	3348023.71	0.52
595528.35	3348023.22	0.16
595529.12	3348022.96	-0.13
595523.59	3348024.03	-0.32
595524.28	3348023.79	-0.32
595524.93	3348023.58	-0.16
595525.63	3348023.35	0.00
595526.31	3348023.12	0.32
595527.05	3348022.88	0.45
595529.22	3348022.14	0.06
595521.74	3348023.91	-0.32
595522.49	3348023.66	-0.29
595523.93	3348023.18	-0.26
595524.63	3348022.95	-0.06
595525.28	3348022.73	0.09
595525.99	3348022.49	0.16
595526.69	3348022.26	0.29
595520.47	3348023.82	-0.36
595523.43	3348022.83	-0.22
595524.07	3348022.62	-0.13
595524.79	3348022.39	0.32
595525.47	3348022.15	0.03
595526.22	3348021.90	0.13
595528.37	3348021.18	0.16
595521.53	3348022.79	-0.22
595522.28	3348022.53	-0.55
595522.97	3348022.30	-0.39
595523.63	3348022.09	-0.03
595525.75	3348021.38	0.09
595526.47	3348021.14	0.00
595527.89	3348020.66	0.03
595528.60	3348020.42	0.22
595517.14	3348024.27	-0.16
595518.61	3348023.77	-0.62
595519.35	3348023.53	-0.22
595520.77	3348023.04	-0.55
595515.80	3348024.17	-0.22
595516.49	3348023.94	-0.19
595517.90	3348023.46	-0.32
595519.37	3348022.97	-0.36
595520.87	3348022.46	-0.62
595521.60	3348022.22	-0.29
595522.31	3348021.98	-0.36
595522.98	3348021.76	-0.39
595523.67	3348021.53	-0.03
595524.36	3348021.30	-0.16
595525.11	3348021.05	-0.19
595525.80	3348020.82	0.13
595526.52	3348020.58	0.26
595529.41	3348019.61	0.26
595514.46	3348023.59	-0.75
595515.22	3348023.34	-0.49
595515.88	3348023.12	-0.26
595517.34	3348022.63	-0.39
595518.79	3348022.14	-0.36
595519.51	3348021.91	-0.29
595520.30	3348021.63	-0.59
595521.00	3348021.41	-0.26
595521.72	3348021.16	-0.29
595522.41	3348020.93	-0.39
595523.79	3348020.46	-0.22
595524.50	3348020.23	-0.06
595525.21	3348020.00	0.13
595527.35	3348019.27	0.06
595528.82	3348018.78	0.16
595513.50	3348023.60	-0.59
595514.23	3348023.35	-0.85
595514.98	3348023.10	-0.52
595515.63	3348022.89	-0.49
595517.06	3348022.41	-0.26
595519.25	3348021.68	-0.29
595521.47	3348020.93	-0.29
595523.54	3348020.24	-0.36
595524.24	3348020.00	-0.09
595524.97	3348019.76	-0.13
595525.68	3348019.52	0.06
595527.84	3348018.80	-0.06
595529.25	3348018.33	0.16
595510.71	3348023.88	0.16
595511.39	3348023.65	0.09
595514.32	3348022.66	-0.68
595514.98	3348022.44	-0.62
595515.67	3348022.21	-0.22
595516.41	3348021.96	-0.32
595519.36	3348020.97	-0.36
595520.77	3348020.49	-0.36
595521.47	3348020.26	-0.36
595527.13	3348018.36	-0.09
595528.57	3348017.88	0.03
595510.75	3348023.11	0.29
595515.07	3348021.65	-0.42
595515.79	3348021.41	-0.36
595517.98	3348020.67	-0.45
595518.74	3348020.41	-0.52
595520.18	3348019.93	-0.55
595522.25	3348019.24	-0.39
595522.99	3348018.99	-0.55
595524.42	3348018.50	-0.65
595525.80	3348018.05	-0.26
595526.54	3348017.81	0.16
595527.95	3348017.33	0.03
595506.63	3348023.82	-0.09
595508.11	3348023.33	-0.06
595509.48	3348022.87	0.22
595510.18	3348022.63	-0.29
595514.42	3348021.20	-0.29
595515.19	3348020.94	-0.26
595518.12	3348019.96	-0.39
595519.55	3348019.48	-0.45
595521.63	3348018.78	-0.45
595522.34	3348018.54	-0.39
595523.07	3348018.29	-0.42
595523.82	3348018.03	-0.75
595524.49	3348017.82	-0.36
595525.19	3348017.59	-0.16
595525.90	3348017.35	-0.09
595526.68	3348017.09	0.03
595529.57	3348016.11	-0.13
595516.19	3348019.91	-0.49
595516.90	3348019.68	-0.26
595518.39	3348019.18	-0.32
595519.10	3348018.94	-0.13
595521.20	3348018.22	-0.65
595521.90	3348018.00	-0.26
595523.34	3348017.51	-0.49
595524.06	3348017.27	-0.36
595524.74	3348017.04	-0.22
595525.46	3348016.80	-0.09
595526.24	3348016.54	-0.19
595527.68	3348016.05	-0.26
595528.39	3348015.82	0.00
595529.17	3348015.56	-0.19
595503.45	3348023.77	0.65
595504.22	3348023.52	0.78
595507.14	3348022.52	0.06
595509.23	3348021.82	0.03
595509.88	3348021.61	0.13
595513.47	3348020.39	-0.55
595514.97	3348019.89	-0.39
595515.67	3348019.65	-0.22
595517.13	3348019.17	-0.03
595518.57	3348018.68	-0.26
595521.43	3348017.72	-0.49
595522.10	3348017.50	-0.16
595503.97	3348024.04	0.65
595506.15	3348023.29	-0.09
595508.32	3348022.57	0.03
595509.69	3348022.11	0.03
595514.71	3348020.41	-0.32
595515.47	3348020.16	-0.22
595520.59	3348017.30	-0.59
595522.05	3348016.81	-0.62
595522.74	3348016.58	-0.39
595524.17	3348016.10	-0.39
595524.93	3348015.84	-0.36
595527.10	3348015.11	-0.42
595528.52	3348014.64	0.00
595524.27	3348016.77	-0.39
595525.01	3348016.52	-0.45
595525.74	3348016.28	-0.19
595526.44	3348016.04	-0.49
595527.93	3348015.55	0.00
595500.48	3348024.09	1.21
595503.34	3348023.12	0.82
595505.59	3348022.35	0.19
595506.31	3348022.11	0.26
595506.98	3348021.88	0.22
595508.40	3348021.41	0.06
595510.50	3348020.70	0.19
595513.42	3348019.71	-0.59
595514.15	3348019.46	-0.42
595514.82	3348019.24	-0.16
595517.05	3348018.49	-0.19
595529.68	3348013.04	-0.36
595500.52	3348023.12	1.34
595501.97	3348022.62	0.65
595504.92	3348021.62	0.39
595506.38	3348021.13	0.16
595507.75	3348020.67	0.19
595509.19	3348020.18	0.19
595511.99	3348019.23	-0.36
595513.49	3348018.73	-0.39
595514.19	3348018.49	-0.36
595515.67	3348017.99	-0.49
595516.46	3348017.73	-0.55
595517.11	3348017.51	-0.42
595517.81	3348017.28	-0.16
595519.17	3348016.82	-0.26
595522.05	3348015.85	-0.52
595522.77	3348015.60	-0.65
595524.25	3348015.11	-0.45
595527.17	3348014.13	-0.39
595527.85	3348013.91	0.03
595502.43	3348022.22	0.88
595504.63	3348021.47	0.49
595505.40	3348021.21	0.52
595506.80	3348020.74	0.26
595508.14	3348020.29	0.22
595511.75	3348019.07	-0.36
595512.51	3348018.82	-0.26
595513.95	3348018.33	-0.22
595514.67	3348018.09	-0.42
595516.86	3348017.35	-0.32
595517.56	3348017.12	-0.03
595519.65	3348016.42	-0.16
595521.12	3348015.92	-0.39
595523.22	3348015.22	-0.13
595524.01	3348014.95	-0.29
595524.66	3348014.74	-0.09
595526.91	3348013.97	-0.45
595527.62	3348013.75	0.06
595500.07	3348022.20	1.21
595501.57	3348021.68	0.82
595503.75	3348020.95	0.75
595505.20	3348020.47	0.68
595507.25	3348019.77	0.55
595509.41	3348019.05	0.49
595512.32	3348018.05	-0.22
595515.28	3348017.05	-0.42
595515.94	3348016.84	-0.39
595516.65	3348016.59	-0.55
595518.78	3348015.88	-0.26
595523.07	3348014.44	-0.49
595523.79	3348014.20	-0.22
595524.49	3348013.97	0.03
595526.01	3348013.45	-0.29
595526.71	3348013.21	-0.45
595527.40	3348012.99	-0.09
595528.07	3348012.76	-0.09
595501.63	3348020.28	0.68
595502.38	3348020.03	0.85
595503.07	3348019.80	0.98
595505.20	3348019.08	0.62
595505.86	3348018.86	0.82
595506.60	3348018.61	0.65
595509.43	3348017.65	0.36
595510.18	3348017.41	0.68
595513.13	3348016.40	-0.26
595513.89	3348016.14	-0.22
595515.27	3348015.67	-0.42
595517.42	3348014.95	-0.65
595518.07	3348014.74	-0.42
595518.85	3348014.47	-0.29
595522.43	3348013.26	-0.65
595523.12	3348013.04	-0.19
595526.04	3348012.05	-0.42
595526.70	3348011.83	-0.39
595528.13	3348011.35	-0.29
595502.24	3348020.93	0.85
595503.71	3348020.44	0.91
595506.44	3348019.52	0.75
595508.68	3348018.76	0.22
595509.36	3348018.53	0.16
595510.02	3348018.31	0.45
595513.00	3348017.30	-0.36
595513.75	3348017.05	-0.36
595518.01	3348015.61	-0.49
595518.71	3348015.38	-0.49
595519.45	3348015.13	-0.13
595522.34	3348014.15	-0.78
595523.01	3348013.93	-0.55
595523.72	3348013.70	-0.09
595524.49	3348013.44	0.09
595525.95	3348012.94	-0.55
595526.62	3348012.72	-0.32
595528.75	3348012.00	-0.32
595500.24	3348019.78	0.72
595501.01	3348019.52	0.62
595501.70	3348019.29	0.78
595502.39	3348019.06	1.11
595503.81	3348018.58	0.62
595504.50	3348018.35	0.82
595506.67	3348017.62	0.68
595508.77	3348016.91	0.55
595513.17	3348015.42	0.06
595513.84	3348015.20	0.26
595514.59	3348014.94	-0.32
595516.01	3348014.46	-0.39
595516.70	3348014.23	-0.36
595517.45	3348013.98	-0.32
595518.15	3348013.74	-0.42
595518.78	3348013.54	0.03
595521.03	3348012.77	-0.55
595500.97	3348019.92	0.49
595501.72	3348019.67	0.75
595502.42	3348019.43	0.91
595504.53	3348018.72	0.62
595505.20	3348018.50	0.65
595506.66	3348018.00	0.68
595509.52	3348017.04	0.65
595510.94	3348016.56	0.39
595513.24	3348015.78	-0.22
595514.60	3348015.32	-0.29
595517.40	3348014.37	-0.45
595518.84	3348013.90	-0.16
595522.46	3348012.68	-0.45
595523.23	3348012.42	-0.19
595526.02	3348011.48	-0.29
595528.16	3348010.76	-0.36
595529.62	3348010.27	-0.68
595521.78	3348012.52	-0.78
595522.50	3348012.28	-0.42
595523.26	3348012.03	-0.06
595523.93	3348011.81	-0.09
595526.01	3348011.11	-0.16
595528.23	3348010.36	-0.26
595529.60	3348009.89	-0.62
595501.18	3348018.43	0.85
595502.55	3348017.97	0.85
595503.27	3348017.72	0.55
595503.99	3348017.48	0.59
595504.69	3348017.25	0.62
595505.42	3348017.00	0.59
595506.11	3348016.77	0.62
595506.81	3348016.53	0.62
595508.29	3348016.04	0.82
595509.74	3348015.55	0.72
595512.60	3348014.58	0.00
595514.77	3348013.84	-0.19
595515.45	3348013.61	-0.32
595516.20	3348013.36	-0.42
595517.56	3348012.90	-0.19
595518.32	3348012.65	-0.13
595519.07	3348012.39	-0.42
595522.03	3348011.39	-0.62
595522.67	3348011.18	-0.39
595524.07	3348010.71	-0.32
595527.64	3348009.51	-0.36
595529.09	3348009.02	-0.59
595501.89	3348017.54	0.75
595503.34	3348017.05	0.91
595504.79	3348016.56	0.72
595505.44	3348016.35	0.85
595507.64	3348015.60	0.65
595508.34	3348015.37	0.85
595509.82	3348014.87	0.65
595511.99	3348014.12	-0.22
595516.22	3348012.70	-0.16
595517.64	3348012.22	-0.22
595520.57	3348011.24	-0.32
595522.07	3348010.73	-0.62
595522.71	3348010.52	-0.22
595524.09	3348010.05	-0.32
595526.28	3348009.32	-0.36
595526.98	3348009.09	-0.09
595528.44	3348008.59	-0.36
595529.16	3348008.35	-0.39
595500.53	3348017.49	0.55
595501.17	3348017.28	0.55
595505.45	3348015.84	0.68
595506.18	3348015.59	0.39
595507.59	3348015.12	0.55
595508.34	3348014.87	0.95
595509.82	3348014.38	0.91
595511.95	3348013.65	0.16
595514.80	3348012.69	0.00
595516.97	3348011.95	-0.32
595517.69	3348011.71	-0.09
595518.37	3348011.48	-0.26
595521.32	3348010.48	-0.75
595524.15	3348009.53	-0.36
595526.97	3348008.59	-0.49
595528.45	3348008.09	-0.39
595500.52	3348017.99	0.49
595501.24	3348017.75	0.65
595506.35	3348014.67	0.55
595507.82	3348014.18	0.72
595508.59	3348013.92	0.72
595510.64	3348013.23	0.39
595511.32	3348013.00	0.49
595512.09	3348012.74	0.26
595513.53	3348012.26	0.42
595514.21	3348012.02	-0.09
595515.67	3348011.53	-0.22
595516.41	3348011.28	-0.03
595517.11	3348011.04	-0.06
595522.13	3348009.35	-0.45
595522.85	3348009.11	-0.42
595523.55	3348008.88	-0.09
595524.99	3348008.39	-0.42
595525.69	3348008.16	-0.42
595526.43	3348007.90	-0.59
595527.18	3348007.66	-0.19
595528.63	3348007.17	-0.42
595501.26	3348015.92	0.49
595502.03	3348015.67	0.98
595502.72	3348015.44	0.78
595504.13	3348014.96	0.82
595504.87	3348014.72	0.95
595507.09	3348013.96	0.52
595507.80	3348013.73	0.68
595508.49	3348013.50	0.82
595509.19	3348013.27	0.88
595509.88	3348013.03	0.68
595514.17	3348011.58	0.16
595515.67	3348011.07	0.00
595516.34	3348010.84	-0.03
595501.38	3348016.34	0.39
595502.04	3348016.13	0.75
595502.76	3348015.89	1.24
595504.91	3348015.16	0.85
595525.11	3348006.70	-0.45
595525.79	3348006.48	-0.13
595527.32	3348005.95	-0.78
595528.01	3348005.73	-0.36
595529.40	3348005.26	-0.49
595518.60	3348010.08	-0.32
595521.37	3348009.15	-0.42
595522.11	3348008.90	-0.39
595523.54	3348008.42	-0.26
595525.70	3348007.69	-0.68
595526.43	3348007.45	-0.36
595528.59	3348006.73	-0.26
595500.00	3348015.15	0.16
595500.71	3348014.92	0.32
595501.41	3348014.68	0.55
595502.06	3348014.46	0.55
595503.57	3348013.96	0.65
595504.23	3348013.74	0.95
595506.50	3348012.98	0.68
595507.85	3348012.52	0.72
595509.20	3348012.07	0.85
595511.44	3348011.31	0.49
595512.81	3348010.85	0.09
595513.57	3348010.59	0.45
595514.30	3348010.34	0.09
595515.72	3348009.87	0.22
595517.26	3348009.34	-0.16
595520.78	3348008.15	-0.49
595521.46	3348007.92	-0.62
595522.22	3348007.68	-0.22
595523.60	3348007.21	-0.26
595522.57	3348006.49	-0.39
595523.32	3348006.24	-0.45
595500.69	3348014.57	0.45
595501.35	3348014.35	0.59
595502.10	3348014.10	0.88
595503.53	3348013.62	0.62
595504.28	3348013.37	0.88
595506.43	3348012.64	0.55
595507.81	3348012.18	1.04
595508.50	3348011.95	0.72
595510.71	3348011.20	0.52
595513.55	3348010.24	0.39
595514.28	3348010.00	0.22
595514.99	3348009.76	0.32
595515.76	3348009.50	0.45
595517.21	3348009.01	-0.03
595517.90	3348008.78	0.13
595518.55	3348008.56	0.29
595520.76	3348007.80	-0.68
595521.48	3348007.56	-0.45
595522.14	3348007.35	-0.22
595523.59	3348006.86	-0.42
595525.02	3348006.37	-0.36
595525.80	3348006.11	-0.45
595527.98	3348005.38	-0.22
595500.34	3348013.97	0.22
595501.05	3348013.73	0.39
595501.81	3348013.49	0.82
595503.22	3348013.01	0.72
595503.97	3348012.76	0.85
595506.07	3348012.06	0.75
595506.79	3348011.82	0.88
595507.45	3348011.60	0.98
595509.63	3348010.86	0.95
595511.78	3348010.13	0.49
595512.52	3348009.88	0.32
595513.22	3348009.65	0.32
595514.71	3348009.14	0.26
595515.47	3348008.89	0.32
595516.86	3348008.41	-0.19
595517.53	3348008.20	0.32
595521.14	3348006.97	-0.65
595521.82	3348006.74	-0.45
595500.36	3348013.06	-0.13
595501.00	3348012.85	0.26
595501.74	3348012.61	0.68
595503.22	3348012.11	0.65
595505.96	3348011.19	0.78
595506.71	3348010.94	0.72
595507.38	3348010.72	1.18
595508.12	3348010.47	1.08
595509.48	3348010.01	1.11
595513.97	3348008.49	0.32
595514.63	3348008.27	0.32
595516.72	3348007.56	0.09
595517.48	3348007.31	0.22
595518.13	3348007.09	0.36
595520.31	3348006.34	-0.55
595521.81	3348005.84	-0.42
595522.50	3348005.61	-0.26
595523.99	3348005.11	-0.13
595524.72	3348004.86	-0.29
595526.11	3348004.40	-0.36
595527.51	3348003.93	-0.32
595528.96	3348003.44	-0.65
595529.69	3348003.19	-0.55
595524.01	3348006.02	0.06
595524.74	3348005.77	-0.22
595526.95	3348005.02	-0.62
595527.64	3348004.79	-0.45
595529.76	3348004.07	-0.72
595500.41	3348011.44	-0.06
595501.11	3348011.20	0.00
595501.84	3348010.96	0.09
595502.50	3348010.74	0.42
595503.16	3348010.52	0.55
595505.32	3348009.80	0.49
595506.00	3348009.58	1.01
595506.69	3348009.35	1.14
595508.12	3348008.87	1.01
595508.90	3348008.60	1.11
595509.54	3348008.39	1.27
595512.53	3348007.37	0.52
595514.57	3348006.68	0.19
595515.35	3348006.42	0.39
595516.76	3348005.95	0.29
595517.48	3348005.71	0.39
595521.86	3348004.22	-0.62
595523.98	3348003.52	0.00
595527.57	3348002.30	-0.32
595500.22	3348012.38	-0.26
595500.91	3348012.15	0.06
595501.68	3348011.90	0.36
595503.75	3348011.21	0.62
595505.86	3348010.50	0.88
595506.57	3348010.26	0.82
595507.27	3348010.03	1.11
595507.98	3348009.80	1.21
595508.68	3348009.56	1.27
595510.17	3348009.06	1.18
595515.20	3348007.35	0.42
595516.64	3348006.87	0.22
595517.32	3348006.65	0.49
595520.23	3348005.65	-0.26
595520.95	3348005.41	-0.42
595522.42	3348004.91	-0.36
595523.13	3348004.68	-0.32
595524.55	3348004.20	-0.09
595526.64	3348003.50	-0.22
595528.89	3348002.73	-0.72
595529.54	3348002.52	-0.59
595500.32	3348010.08	-0.39
595500.96	3348009.87	-0.16
595501.66	3348009.64	0.06
595505.21	3348008.45	0.49
595505.93	3348008.22	0.75
595507.34	3348007.74	0.85
595508.07	3348007.50	1.21
595511.65	3348006.30	0.98
595513.81	3348005.56	0.36
595514.52	3348005.32	0.22
595515.23	3348005.08	0.49
595515.93	3348004.84	0.32
595516.67	3348004.60	0.55
595517.43	3348004.34	0.29
595521.07	3348003.11	-0.13
595522.48	3348002.63	-0.36
595523.91	3348002.15	-0.26
595524.57	3348001.93	-0.13
595525.31	3348001.69	0.00
595500.68	3348010.83	-0.19
595502.05	3348010.37	0.36
595504.15	3348009.67	0.42
595504.92	3348009.41	0.49
595505.57	3348009.19	0.65
595506.27	3348008.96	0.95
595506.99	3348008.73	1.14
595508.44	3348008.24	1.24
595509.15	3348008.00	1.41
595512.77	3348006.76	0.26
595514.88	3348006.06	0.49
595515.62	3348005.81	0.65
595516.32	3348005.58	0.49
595517.74	3348005.10	0.29
595522.18	3348003.59	-0.52
595522.84	3348003.37	-0.32
595523.53	3348003.14	0.03
595524.95	3348002.67	0.00
595526.42	3348002.16	-0.32
595528.57	3348001.43	-0.68
595529.31	3348001.19	-0.65
595529.67	3348000.21	-0.55
595500.11	3348009.03	-0.42
595500.86	3348008.78	0.00
595501.54	3348008.56	0.22
595502.98	3348008.07	-0.03
595503.64	3348007.85	0.06
595504.39	3348007.60	0.39
595505.79	3348007.14	0.68
595506.54	3348006.89	0.95
595507.26	3348006.64	0.82
595508.02	3348006.40	1.04
595508.68	3348006.17	0.82
595509.41	3348005.92	0.88
595510.76	3348005.47	0.82
595513.63	3348004.50	0.59
595515.07	3348004.01	0.59
595516.55	3348003.52	0.52
595517.25	3348003.28	0.65
595519.51	3348002.51	-0.22
595520.20	3348002.28	-0.26
595520.86	3348002.06	-0.26
595521.57	3348001.82	-0.16
595522.29	3348001.58	-0.19
595523.01	3348001.33	-0.29
595523.74	3348001.09	-0.16
595524.41	3348000.86	-0.06
595525.10	3348000.64	0.39
595510.10	3348005.33	1.21
595510.82	3348005.09	1.11
595513.70	3348004.11	0.39
595514.41	3348003.87	0.45
595515.17	3348003.62	0.65
595516.61	3348003.13	0.39
595520.22	3348001.91	-0.29
595520.89	3348001.68	-0.36
595521.61	3348001.44	-0.22
595522.32	3348001.20	-0.03
595523.77	3348000.71	-0.09
595524.41	3348000.50	0.22
595500.18	3348007.61	-0.26
595501.56	3348007.15	-0.13
595502.30	3348006.90	-0.09
595503.72	3348006.43	-0.06
595504.48	3348006.18	0.32
595505.19	3348005.94	0.52
595505.93	3348005.70	0.55
595506.61	3348005.47	0.98
595508.65	3348004.79	0.91
595509.42	3348004.53	1.21
595510.86	3348004.04	0.85
595513.00	3348003.32	0.62
595514.43	3348002.84	0.55
595515.16	3348002.59	0.55
595515.92	3348002.33	0.36
595520.88	3348000.65	-0.19
595521.65	3348000.39	-0.22
595500.20	3348008.64	-0.29
595500.85	3348008.43	0.03
595501.60	3348008.18	0.39
595502.99	3348007.71	-0.09
595503.73	3348007.46	0.19
595505.84	3348006.76	0.65
595506.61	3348006.50	0.91
595507.32	3348006.26	0.88
595508.02	3348006.03	0.91
595509.38	3348005.58	1.08
595501.67	3348006.47	-0.06
595503.85	3348005.74	-0.13
595504.60	3348005.49	0.22
595505.25	3348005.27	0.36
595505.93	3348005.05	0.59
595506.62	3348004.82	0.95
595507.31	3348004.59	0.68
595508.05	3348004.35	1.14
595508.69	3348004.13	1.18
595509.47	3348003.87	1.44
595510.85	3348003.40	1.11
595513.79	3348002.40	0.55
595515.28	3348001.90	0.36
595516.67	3348001.43	0.68
595520.27	3348000.21	-0.19
595500.75	3348005.82	-0.42
595501.40	3348005.60	-0.26
595502.16	3348005.35	-0.32
595502.92	3348005.09	-0.42
595503.63	3348004.85	-0.36
595504.35	3348004.61	-0.26
595504.99	3348004.40	0.19
595507.79	3348003.47	1.01
595508.48	3348003.25	1.37
595509.21	3348003.00	1.08
595509.85	3348002.79	1.37
595500.20	3348006.96	-0.39
595500.96	3348006.70	-0.36
595510.64	3348002.51	1.11
595512.85	3348001.76	0.42
595513.54	3348001.54	0.88
595514.34	3348001.27	0.68
595514.99	3348001.05	0.75
595515.68	3348000.81	0.72
595516.39	3348000.58	0.91
595503.41	3348003.70	-0.42
595504.11	3348003.47	-0.19
595500.11	3348005.30	-0.49
595500.89	3348005.04	-0.36
595502.35	3348004.55	-0.36
595503.07	3348004.30	-0.55
595503.71	3348004.09	-0.29
595504.42	3348003.85	-0.03
595505.82	3348003.39	0.36
595507.23	3348002.92	0.55
595507.95	3348002.69	0.85
595508.59	3348002.48	1.14
595509.35	3348002.23	1.47
595510.07	3348001.98	1.31
595513.06	3348000.96	0.52
595513.72	3348000.74	0.49
595514.43	3348000.51	0.88
595515.77	3348000.06	1.01
595504.82	3348003.23	-0.16
595505.52	3348003.00	0.16
595506.92	3348002.53	0.42
595507.62	3348002.30	0.59
595513.38	3348000.36	0.42
595514.10	3348000.12	0.82
595503.11	3348002.70	-0.65
595503.79	3348002.47	-0.22
595504.53	3348002.23	-0.03
595507.39	3348001.27	0.42
595508.03	3348001.07	0.95
595508.78	3348000.82	1.11
595510.25	3348000.33	1.34
595501.07	3348002.49	-0.29
595503.27	3348001.75	-0.36
595503.92	3348001.53	-0.19
595505.39	3348001.03	-0.42
595506.10	3348000.80	-0.06
595506.80	3348000.57	0.13
595507.48	3348000.35	0.68
595501.02	3348001.94	-0.39
595503.14	3348001.22	-0.32
595503.84	3348000.99	-0.16
595505.34	3348000.49	-0.29
595500.12	3348000.59	-0.22
595500.70	3348001.15	-0.22
