595506.04	3351029.75	23.91
595506.23	3351029.89	35.53
595506.38	3351029.78	32.57
595506.80	3351029.48	23.85
595506.69	3351029.80	39.96
595507.48	3351029.23	23.72
595507.38	3351029.57	40.91
595508.15	3351029.02	25.13
595507.71	3351029.61	49.60
595502.62	3351029.97	24.14
595503.27	3351029.73	24.17
595503.52	3351029.81	33.46
595503.96	3351029.49	24.37
595504.22	3351029.57	34.02
595504.70	3351029.22	24.17
595505.14	3351029.17	29.85
595505.42	3351028.96	24.11
595505.57	3351029.11	35.59
595505.86	3351028.91	29.75
595506.11	3351028.73	24.60
595506.20	3351028.92	37.23
595506.87	3351028.44	23.65
595506.85	3351028.73	39.66
595507.00	3351028.62	36.45
595507.26	3351028.43	31.10
595507.63	3351028.17	23.72
595507.66	3351028.41	37.53
595508.32	3351027.92	23.78
595500.32	3351029.88	24.54
595501.06	3351029.87	39.00
595501.77	3351029.36	24.17
595501.72	3351029.66	40.09
595502.31	3351029.23	27.88
595502.48	3351029.10	24.24
595502.74	3351029.19	33.98
595503.21	3351028.85	24.24
595503.72	3351028.74	28.60
595503.93	3351028.59	24.27
595504.39	3351028.51	29.33
595504.63	3351028.34	24.31
595505.09	3351028.27	29.49
595505.36	3351028.08	24.01
595505.96	3351027.92	27.49
595506.14	3351027.79	23.88
595506.84	3351027.54	23.81
595506.85	3351027.79	38.09
595507.09	3351027.62	33.33
595507.55	3351027.29	23.75
595507.51	3351027.56	38.25
595507.77	3351027.37	32.87
595508.17	3351027.33	38.48
595500.41	3351029.17	24.67
595500.11	3351029.64	45.14
595500.94	3351029.32	43.79
595501.14	3351029.17	39.59
595501.87	3351028.65	24.44
595502.12	3351028.72	33.79
595502.34	3351028.56	29.26
595502.57	3351028.40	24.44
595503.15	3351028.23	27.03
595503.28	3351028.14	24.24
595503.74	3351028.07	29.75
595504.00	3351027.88	24.37
595504.45	3351027.83	30.28
595504.73	3351027.63	24.50
595505.30	3351027.49	28.14
595505.50	3351027.34	23.95
595506.19	3351027.10	23.98
595506.89	3351026.84	23.81
595506.85	3351027.10	37.72
595507.15	3351026.89	31.52
595507.28	3351026.80	28.96
595507.53	3351026.61	23.81
595507.55	3351026.86	38.15
595507.82	3351026.67	32.57
595508.26	3351026.35	23.68
595508.27	3351026.61	38.25
595500.10	3351028.19	24.50
595500.47	3351028.45	46.94
595501.14	3351027.96	32.97
595501.55	3351027.66	24.37
595501.30	3351028.11	44.45
595502.09	3351027.54	27.98
595502.26	3351027.41	24.34
595502.11	3351027.80	43.24
595503.02	3351027.14	24.31
595503.52	3351027.04	28.80
595503.74	3351026.88	24.27
595504.16	3351026.83	29.88
595504.29	3351026.74	27.23
595504.41	3351026.65	24.63
595503.38	3351027.64	60.03
595504.84	3351026.59	29.88
595505.12	3351026.38	24.11
595505.79	3351026.15	24.11
595504.96	3351027.01	55.74
595506.50	3351025.89	24.11
595505.69	3351026.74	55.21
595505.85	3351026.62	51.83
595507.21	3351025.64	24.04
595500.07	3351027.36	36.90
595500.65	3351026.94	24.90
595500.34	3351027.43	46.25
595501.39	3351026.67	24.31
595501.14	3351027.13	45.57
595502.15	3351026.40	24.57
595502.43	3351026.44	32.31
595502.79	3351026.18	24.80
595503.47	3351025.95	25.39
595502.38	3351026.98	61.77
595503.96	3351025.83	28.96
595504.16	3351025.69	24.96
595503.05	3351026.74	61.67
595504.15	3351025.95	38.94
595503.63	3351026.61	65.58
595503.85	3351026.44	60.95
595504.30	3351026.36	65.09
595505.61	3351025.68	53.67
595500.06	3351026.53	28.18
595500.24	3351026.40	24.47
595500.74	3351026.30	28.87
595500.95	3351026.15	24.57
595501.48	3351026.02	28.08
595501.67	3351025.89	24.27
595500.90	3351026.70	54.62
595502.06	3351025.85	30.47
595502.35	3351025.65	24.54
595501.50	3351026.50	55.54
595501.93	3351026.45	61.38
595502.76	3351025.85	44.22
595502.98	3351025.69	39.63
595502.38	3351026.38	66.60
595503.07	3351026.14	67.06
595503.41	3351025.90	60.07
595503.82	3351025.86	66.56
595504.45	3351025.65	66.96
595501.64	3351025.45	56.88
595501.98	3351025.48	65.15
595509.00	3351026.09	23.65
595509.27	3351026.14	32.08
595509.46	3351026.01	28.24
595509.68	3351025.85	23.68
595510.01	3351025.87	31.69
595510.42	3351025.58	23.39
595510.13	3351026.03	42.78
595510.49	3351025.77	35.49
595510.66	3351025.64	31.92
595510.78	3351025.82	44.25
595511.57	3351025.51	42.74
595508.92	3351026.80	23.45
595509.36	3351026.74	29.03
595509.62	3351026.55	23.81
595509.75	3351026.72	35.49
595509.97	3351026.56	31.06
595510.14	3351026.69	41.99
595510.39	3351026.51	36.74
595510.57	3351026.38	33.07
595511.03	3351026.05	23.85
595510.81	3351026.46	42.65
595511.68	3351025.84	25.09
595511.40	3351026.29	44.91
595512.43	3351025.56	24.31
595512.56	3351026.41	23.39
595512.07	3351027.01	47.40
595512.30	3351026.85	42.81
595513.10	3351026.28	26.80
595513.28	3351026.15	23.12
595513.59	3351026.18	30.90
595513.82	3351026.00	26.01
595513.98	3351025.89	22.96
595514.52	3351025.76	26.27
595514.67	3351025.65	23.19
595515.24	3351025.50	26.04
595515.23	3351025.78	41.69
595508.38	3351028.16	37.72
595508.92	3351028.01	40.35
595509.75	3351027.41	23.45
595510.41	3351027.18	23.72
595510.32	3351027.49	39.46
595510.51	3351027.36	35.85
595510.68	3351027.24	32.41
595511.11	3351026.93	23.72
595511.05	3351027.23	39.36
595511.82	3351026.68	23.65
595511.40	3351027.24	46.68
595508.36	3351029.15	36.45
595508.95	3351028.73	24.57
595508.89	3351029.02	40.09
595509.72	3351028.43	23.35
595509.59	3351028.78	40.22
595510.42	3351028.18	23.39
595511.07	3351027.95	23.55
595511.10	3351028.18	37.07
595511.76	3351027.71	23.65
595511.59	3351028.08	40.94
595512.45	3351027.47	23.81
595512.31	3351027.83	41.46
595513.20	3351027.19	23.52
595512.98	3351027.60	41.86
595513.30	3351027.37	35.40
595513.63	3351027.14	28.83
595513.92	3351026.93	23.03
595513.35	3351027.59	48.58
595514.41	3351026.83	27.39
595514.63	3351026.67	22.90
595514.57	3351026.97	38.48
595515.32	3351026.43	23.29
595515.00	3351026.90	43.14
595515.25	3351026.72	38.15
595516.01	3351026.18	23.03
595515.81	3351026.59	41.96
595516.68	3351025.98	24.70
595516.20	3351026.57	48.42
595517.12	3351026.15	43.50
595517.34	3351026.00	39.14
595517.53	3351025.86	35.43
595509.84	3351029.69	43.17
595510.82	3351028.99	23.45
595511.05	3351029.08	33.03
595511.53	3351028.73	23.16
595512.04	3351028.62	27.16
595512.22	3351028.49	23.49
595512.07	3351028.84	40.12
595512.90	3351028.25	23.65
595512.69	3351028.65	41.86
595512.90	3351028.50	37.69
595513.15	3351028.32	32.57
595513.60	3351028.00	23.58
595513.27	3351028.48	44.06
595514.30	3351027.75	23.39
595513.82	3351028.33	46.88
595514.41	3351028.17	49.50
595515.12	3351027.92	49.73
595516.47	3351026.96	22.86
595515.71	3351027.75	51.86
595515.88	3351027.63	48.55
595516.04	3351027.52	45.24
595517.18	3351026.71	22.57
595516.79	3351027.22	43.63
595517.27	3351026.88	34.15
595517.84	3351026.47	22.76
595517.63	3351026.88	41.17
595518.57	3351026.21	22.44
595518.57	3351026.48	37.76
595518.78	3351026.34	33.85
595519.37	3351025.92	22.27
595519.07	3351026.36	41.14
595519.28	3351026.22	37.10
595520.05	3351025.67	21.88
595520.10	3351025.90	35.95
595520.49	3351025.63	28.31
595520.77	3351025.68	36.90
595521.00	3351025.52	32.38
595521.46	3351025.45	37.79
595521.15	3351025.91	57.41
595521.81	3351025.68	57.54
595521.96	3351025.57	54.62
595522.43	3351025.49	59.31
595522.67	3351025.54	67.42
595508.62	3351029.78	23.85
595509.15	3351029.91	41.83
595509.57	3351029.88	48.49
595511.69	3351029.73	23.32
595512.01	3351029.75	31.13
595512.21	3351029.61	27.13
595512.40	3351029.47	23.26
595513.15	3351029.21	23.88
595512.84	3351029.68	43.89
595513.48	3351029.22	31.03
595513.85	3351028.96	23.55
595513.52	3351029.43	43.27
595514.53	3351028.71	23.03
595513.97	3351029.35	48.19
595515.23	3351028.46	23.06
595514.57	3351029.15	49.11
595515.91	3351028.21	22.70
595516.69	3351027.93	22.57
595515.75	3351028.83	54.69
595517.37	3351027.68	22.44
595516.50	3351028.55	53.87
595518.09	3351027.43	22.44
595518.10	3351027.67	36.28
595518.32	3351027.51	31.82
595518.79	3351027.18	22.57
595518.47	3351027.64	41.89
595519.46	3351026.94	22.34
595519.25	3351027.36	41.76
595520.25	3351026.65	22.04
595520.96	3351026.39	21.88
595521.68	3351026.14	21.85
595522.42	3351025.87	21.58
595522.32	3351026.19	37.56
595523.14	3351025.62	21.75
595523.62	3351026.02	54.00
595524.27	3351025.78	53.90
595524.41	3351025.69	51.24
595525.05	3351025.48	52.62
595519.24	3351027.67	34.08
595519.52	3351027.47	28.64
595519.85	3351027.24	22.14
595520.55	3351026.98	21.91
595521.27	3351026.73	21.78
595522.03	3351026.45	21.68
595522.70	3351026.21	21.48
595523.45	3351025.95	22.01
595524.17	3351025.69	21.85
595524.76	3351025.54	25.13
595523.96	3351026.34	53.96
595524.63	3351026.09	53.60
595525.35	3351025.83	53.57
595525.54	3351025.92	62.49
595525.76	3351025.77	58.36
595526.14	3351025.51	51.04
595526.32	3351025.64	62.17
595526.57	3351025.46	57.25
595512.45	3351029.98	28.18
595512.69	3351029.81	23.26
595513.07	3351029.81	31.13
595513.45	3351029.54	23.52
595514.16	3351029.28	23.42
595513.90	3351029.73	42.94
595514.28	3351029.45	35.23
595514.89	3351029.02	23.16
595514.18	3351029.75	50.36
595514.39	3351029.61	46.42
595515.56	3351028.78	23.03
595515.31	3351029.20	41.50
595515.74	3351028.89	32.80
595516.25	3351028.53	22.67
595515.62	3351029.23	49.57
595515.94	3351029.00	43.14
595516.98	3351028.27	22.60
595516.10	3351029.13	53.80
595517.70	3351028.00	22.30
595518.41	3351027.75	22.34
595518.63	3351027.84	31.85
595519.12	3351027.50	22.24
595516.03	3351029.96	22.83
595516.66	3351029.74	23.52
595517.40	3351029.47	22.70
595517.32	3351029.75	37.33
595518.07	3351029.22	22.57
595517.80	3351029.65	41.30
595518.76	3351028.98	22.30
595518.82	3351029.19	36.12
595519.52	3351028.71	22.50
595519.63	3351028.86	33.43
595520.20	3351028.46	22.21
595520.24	3351028.69	36.15
595520.59	3351028.45	29.42
595520.96	3351028.18	22.01
595521.15	3351028.29	31.49
595521.64	3351027.94	21.88
595522.34	3351027.69	21.78
595522.31	3351027.98	37.20
595523.11	3351027.42	21.62
595523.84	3351027.15	21.39
595524.54	3351026.90	21.39
595523.65	3351027.77	52.52
595524.94	3351026.87	27.55
595525.27	3351026.64	21.22
595523.96	3351027.81	60.99
595524.34	3351027.54	53.60
595525.64	3351026.63	28.51
595526.02	3351026.37	21.06
595524.63	3351027.59	62.33
595526.42	3351026.35	27.91
595526.78	3351026.10	21.03
595525.25	3351027.39	63.61
595525.97	3351027.13	63.05
595526.62	3351026.89	62.92
595527.34	3351026.63	62.56
595527.57	3351026.47	58.23
595527.88	3351026.26	52.32
595528.27	3351026.23	58.98
595529.02	3351026.19	71.58
595529.68	3351025.96	71.65
595519.00	3351029.76	22.24
595519.07	3351029.96	34.74
595519.71	3351029.51	22.21
595520.39	3351029.27	22.34
595520.71	3351029.30	30.77
595521.15	3351028.99	22.04
595521.00	3351029.34	38.58
595521.46	3351029.02	29.69
595521.84	3351028.75	22.17
595521.86	3351028.97	35.40
595522.55	3351028.49	22.01
595522.45	3351028.81	37.95
595523.29	3351028.22	21.62
595522.42	3351029.07	51.73
595523.28	3351028.72	49.40
595524.44	3351027.91	26.93
595524.72	3351027.71	21.55
595523.82	3351028.59	52.88
595524.03	3351028.44	48.81
595525.09	3351027.70	28.28
595525.44	3351027.45	21.48
595524.52	3351028.33	52.26
595525.82	3351027.41	26.80
595526.11	3351027.21	21.42
595524.86	3351028.36	60.76
595525.44	3351027.95	49.63
595526.92	3351026.92	21.03
595525.50	3351028.15	62.04
595525.78	3351027.96	56.69
595526.25	3351027.89	62.27
595526.48	3351027.73	57.84
595527.47	3351027.04	38.77
595528.41	3351026.38	20.76
595526.90	3351027.66	62.36
595527.10	3351027.52	58.62
595529.07	3351026.15	20.73
595527.57	3351027.43	62.79
595528.26	3351026.94	49.50
595529.37	3351026.41	41.69
595529.19	3351026.77	58.00
595529.46	3351026.83	67.09
595529.87	3351026.55	59.31
595522.63	3351029.58	37.56
595522.80	3351029.47	34.31
595523.45	3351029.01	21.58
595522.68	3351029.82	51.77
595522.85	3351029.70	48.45
595523.39	3351029.32	37.95
595524.23	3351028.73	21.55
595523.34	3351029.59	52.03
595524.91	3351028.48	21.45
595523.95	3351029.38	52.98
595525.57	3351028.25	21.45
595524.72	3351029.11	52.78
595526.03	3351028.20	27.65
595526.37	3351027.96	21.03
595525.30	3351028.95	55.34
595526.79	3351027.91	26.60
595527.06	3351027.72	21.39
595525.81	3351028.83	59.25
595526.11	3351028.62	53.47
595526.49	3351028.61	59.97
595527.07	3351028.19	48.49
595527.31	3351028.03	44.12
595527.20	3351028.36	60.76
595528.25	3351027.64	40.71
595529.29	3351026.91	20.70
595527.97	3351028.08	59.90
595528.76	3351027.53	44.81
595528.85	3351027.70	56.33
595529.10	3351027.53	51.64
595529.46	3351027.51	58.07
595529.69	3351027.35	53.57
595529.96	3351027.16	48.45
595529.57	3351027.66	68.33
595521.15	3351029.91	26.11
595521.36	3351029.76	21.98
595521.49	3351029.89	32.18
595521.63	3351029.80	29.56
595521.98	3351029.55	22.53
595522.01	3351029.78	36.74
595522.22	3351029.65	32.87
595529.59	3351028.36	56.79
595529.78	3351028.23	53.21
595523.46	3351029.92	21.78
595524.15	3351029.93	36.22
595524.61	3351029.61	27.26
595524.91	3351029.40	21.52
595525.66	3351029.13	21.39
595526.11	3351029.06	26.44
595526.38	3351028.88	21.22
595526.75	3351028.83	26.50
595527.03	3351028.64	21.22
595525.98	3351029.64	56.46
595526.20	3351029.48	52.13
595527.47	3351028.60	27.72
595527.81	3351028.36	21.19
595526.55	3351029.48	59.08
595527.25	3351029.23	59.12
595528.31	3351028.50	38.84
595528.31	3351028.74	52.55
595528.90	3351028.58	55.51
595525.66	3351029.97	21.25
595526.32	3351029.73	21.03
595526.80	3351029.66	26.67
595527.10	3351029.46	21.16
595527.44	3351029.45	27.49
595527.79	3351029.21	20.83
595527.10	3351029.92	47.17
595527.42	3351029.70	41.17
595528.49	3351028.96	20.73
595528.37	3351029.28	36.67
595529.22	3351028.70	20.60
595528.26	3351029.60	52.46
595528.41	3351029.49	49.67
595529.18	3351029.20	48.72
595529.31	3351029.11	46.22
595529.68	3351029.10	52.88
595529.07	3351029.94	21.12
595529.75	3351029.69	20.89
595507.92	3351025.38	23.72
595508.32	3351025.36	30.67
595505.62	3351025.17	24.57
595507.05	3351024.65	24.17
595507.61	3351024.48	26.08
595507.72	3351024.40	23.88
595507.86	3351024.56	35.43
595508.05	3351024.42	31.59
595503.00	3351025.42	24.57
595503.66	3351025.20	25.49
595503.70	3351025.43	39.33
595505.81	3351024.93	53.54
595507.57	3351023.92	32.02
595507.97	3351023.63	23.85
595508.12	3351023.80	36.71
595508.36	3351023.63	31.69
595508.32	3351023.88	45.43
595505.15	3351024.21	57.54
595507.09	3351023.08	32.48
595507.49	3351022.79	24.34
595507.60	3351022.98	37.33
595507.91	3351022.76	31.00
595508.12	3351022.60	26.64
595508.27	3351022.50	23.65
595508.09	3351022.89	42.32
595508.37	3351022.70	36.74
595500.32	3351025.38	26.70
595500.98	3351025.17	27.72
595501.10	3351025.08	25.09
595501.67	3351024.90	26.80
595502.47	3351024.60	25.95
595502.18	3351025.06	45.76
595502.11	3351025.38	62.43
595502.50	3351025.35	68.60
595504.64	3351023.80	24.37
595500.44	3351024.53	25.91
595501.07	3351024.35	28.31
595501.22	3351024.24	25.22
595501.82	3351024.06	27.16
595501.87	3351024.29	41.40
595502.39	3351023.92	30.70
595502.68	3351023.71	24.67
595502.34	3351024.19	45.14
595502.56	3351024.04	40.61
595503.16	3351023.60	28.21
595503.32	3351023.48	24.60
595502.17	3351024.58	63.51
595503.86	3351023.35	28.47
595503.40	3351024.22	68.14
595504.18	3351023.90	65.84
595504.46	3351023.70	59.97
595505.32	3351023.34	56.95
595506.43	3351022.82	50.13
595507.68	3351021.92	24.70
595507.59	3351022.24	41.01
595500.21	3351023.47	27.98
595500.35	3351023.36	24.96
595501.05	3351023.12	25.55
595501.74	3351022.89	26.21
595500.54	3351024.00	64.69
595502.32	3351022.71	27.69
595502.46	3351022.61	24.80
595501.27	3351023.75	65.22
595503.07	3351022.44	27.65
595503.21	3351022.35	25.06
595503.09	3351022.69	42.02
595503.26	3351022.57	38.51
595503.43	3351022.45	35.17
595503.80	3351022.18	27.49
595503.76	3351022.46	42.74
595504.48	3351021.95	28.01
595504.61	3351021.85	25.19
595503.73	3351022.76	58.89
595505.41	3351021.55	24.34
595505.96	3351021.40	27.39
595506.12	3351021.29	24.08
595506.72	3351021.14	27.62
595506.89	3351021.01	23.95
595507.39	3351020.89	27.19
595507.54	3351020.78	24.04
595508.27	3351020.52	23.88
595506.36	3351021.23	60.46
595508.14	3351019.94	23.98
595507.04	3351020.99	60.76
595500.16	3351022.85	27.59
595500.31	3351022.74	24.50
595500.96	3351022.51	24.80
595501.70	3351022.26	25.45
595500.48	3351023.41	65.45
595502.30	3351022.09	27.62
595502.45	3351021.98	24.54
595501.14	3351023.19	66.27
595502.60	3351022.13	36.05
595503.02	3351021.82	27.29
595503.16	3351021.72	24.47
595501.81	3351022.96	67.06
595501.99	3351022.83	63.28
595503.28	3351021.89	36.51
595502.60	3351022.67	66.53
595504.10	3351021.58	35.59
595504.51	3351021.29	27.19
595504.65	3351021.19	24.34
595504.21	3351021.77	48.29
595505.22	3351021.04	27.32
595505.35	3351020.95	24.70
595504.28	3351021.96	60.46
595504.97	3351021.47	46.32
595506.04	3351020.69	24.27
595504.98	3351021.72	60.59
595506.56	3351020.57	28.05
595506.75	3351020.44	24.31
595505.68	3351021.45	59.54
595507.21	3351020.34	28.18
595507.40	3351020.20	24.24
595500.38	3351021.84	24.83
595501.09	3351021.60	25.36
595500.30	3351022.43	56.16
595501.80	3351021.34	24.93
595500.52	3351022.54	67.09
595500.95	3351022.23	58.03
595501.22	3351022.29	66.92
595501.44	3351022.13	62.43
595502.02	3351021.99	66.37
595502.75	3351021.70	64.69
595503.34	3351021.27	52.52
595503.66	3351021.30	60.23
595504.17	3351020.93	49.67
595505.30	3351020.11	26.44
595504.23	3351021.13	62.33
595504.78	3351020.73	50.88
595504.74	3351021.01	65.81
595506.60	3351019.67	27.85
595506.79	3351019.54	23.95
595505.69	3351020.60	61.84
595507.39	3351019.38	27.29
595507.55	3351019.27	23.98
595506.37	3351020.35	61.35
595508.19	3351019.04	24.31
595507.20	3351020.02	59.74
595500.67	3351020.77	25.95
595501.45	3351020.47	24.93
595500.22	3351021.64	66.10
595501.64	3351021.11	64.43
595501.82	3351020.97	60.49
595502.68	3351020.61	57.15
595503.16	3351020.51	61.41
595503.57	3351020.21	52.85
595503.69	3351020.13	50.45
595503.85	3351020.28	62.40
595504.37	3351019.91	51.73
595504.36	3351020.15	65.32
595504.75	3351019.87	57.28
595506.37	3351018.71	24.24
595505.21	3351019.82	63.58
595507.15	3351018.42	24.01
595505.63	3351019.75	68.43
595505.95	3351019.52	61.84
595507.82	3351018.18	23.72
595506.64	3351019.27	61.77
595508.07	3351018.52	47.70
595500.02	3351020.03	24.90
595500.43	3351020.02	32.51
595501.20	3351019.71	30.44
595501.43	3351019.55	25.68
595500.79	3351020.26	52.85
595501.01	3351020.10	48.39
595502.14	3351019.28	24.83
595501.26	3351020.17	57.64
595501.49	3351020.01	52.88
595502.82	3351019.04	25.13
595502.15	3351019.76	52.52
595502.37	3351019.61	48.03
595502.82	3351019.56	54.72
595502.94	3351019.48	52.23
595503.71	3351019.17	50.19
595504.96	3351018.26	24.34
595504.35	3351018.96	51.80
595505.66	3351018.02	24.93
595504.73	3351018.95	58.43
595505.07	3351018.69	51.04
595505.31	3351018.77	59.84
595505.74	3351018.45	50.88
595506.93	3351017.60	26.60
595506.51	3351018.18	50.95
595507.69	3351017.33	26.90
595507.82	3351017.23	23.91
595508.36	3351017.10	27.65
595507.88	3351017.70	51.73
595508.11	3351017.54	47.11
595500.68	3351019.06	27.75
595500.84	3351018.94	24.54
595500.37	3351019.55	49.14
595501.32	3351018.85	29.19
595501.55	3351018.69	24.60
595500.86	3351019.43	52.49
595501.02	3351019.31	49.04
595501.24	3351019.15	44.55
595501.97	3351018.91	45.34
595502.94	3351018.20	25.19
595502.60	3351018.69	45.63
595503.54	3351018.00	26.08
595504.13	3351017.86	29.62
595504.36	3351017.69	24.93
595503.03	3351018.91	66.66
595504.81	3351017.62	29.95
595505.07	3351017.43	24.50
595503.67	3351018.68	66.79
595504.40	3351018.16	51.80
595505.07	3351017.95	53.64
595505.28	3351017.80	49.27
595506.34	3351017.03	27.46
595504.74	3351018.44	74.77
595505.75	3351017.71	54.13
595505.45	3351018.19	74.99
595505.62	3351018.07	71.35
595505.86	3351017.90	66.60
595507.95	3351016.39	23.75
595501.03	3351018.22	28.47
595501.21	3351018.09	24.77
595500.98	3351018.52	44.02
595501.86	3351017.88	25.82
595502.61	3351017.60	24.83
595503.26	3351017.38	25.88
595502.85	3351017.93	48.58
595503.84	3351017.22	28.18
595504.01	3351017.09	24.57
595503.60	3351017.66	48.32
595504.69	3351016.87	25.88
595504.77	3351016.81	24.14
595503.40	3351018.06	67.25
595504.03	3351017.61	54.42
595503.72	3351018.08	74.31
595504.04	3351017.85	67.81
595504.56	3351017.47	57.02
595504.72	3351017.36	53.90
595504.36	3351017.90	77.09
595505.10	3351017.62	76.31
595505.92	3351017.30	74.86
595508.40	3351015.51	24.24
595500.07	3351018.12	61.18
595501.68	3351016.95	27.91
595501.85	3351016.83	24.44
595502.25	3351016.78	29.39
595502.47	3351016.62	24.86
595502.05	3351017.21	49.77
595503.14	3351016.42	27.16
595502.74	3351016.98	50.39
595503.89	3351016.14	26.50
595502.55	3351017.36	68.40
595503.46	3351016.71	49.70
595503.28	3351017.10	68.20
595503.97	3351016.60	54.13
595503.57	3351017.14	76.80
595504.01	3351016.83	67.94
595504.32	3351016.89	77.49
595504.57	3351016.70	71.98
595505.03	3351016.62	76.18
595505.21	3351016.49	72.47
595505.54	3351016.25	65.78
595505.79	3351016.32	74.96
595507.71	3351014.94	35.76
595508.03	3351014.71	29.23
595506.94	3351015.74	65.12
595508.37	3351014.71	36.02
595507.62	3351015.49	64.89
595500.86	3351016.10	24.63
595501.57	3351015.85	24.54
595502.15	3351015.71	28.34
595502.32	3351015.58	24.73
595501.81	3351016.20	49.01
595502.77	3351015.50	28.90
595502.98	3351015.35	24.67
595502.54	3351015.95	49.44
595503.67	3351015.12	26.04
595502.45	3351016.29	66.79
595503.21	3351015.74	51.14
595503.03	3351016.12	69.32
595503.95	3351015.46	50.49
595503.85	3351015.79	66.99
595504.15	3351015.58	60.89
595504.29	3351015.71	71.09
595504.52	3351015.54	66.50
595506.59	3351014.05	23.98
595504.92	3351015.52	72.96
595505.54	3351015.31	74.04
595506.05	3351014.94	63.51
595506.74	3351014.70	64.04
595508.42	3351013.49	29.75
595500.36	3351016.00	41.83
595501.19	3351015.40	24.47
595501.59	3351015.34	29.52
595501.82	3351015.16	24.44
595502.37	3351015.06	29.33
595502.59	3351014.90	24.67
595502.14	3351015.49	48.68
595503.14	3351014.76	27.95
595502.89	3351015.22	49.08
595503.91	3351014.48	27.85
595503.46	3351015.05	50.65
595503.63	3351014.93	47.21
595504.71	3351014.14	24.83
595503.44	3351015.32	65.35
595503.71	3351015.12	59.77
595504.14	3351014.81	50.85
595504.35	3351014.66	46.58
595504.17	3351015.04	64.56
595504.44	3351015.08	72.37
595504.75	3351014.86	65.94
595505.17	3351014.84	73.12
595505.35	3351014.71	69.42
595505.76	3351014.41	61.02
595507.24	3351013.35	30.97
595507.89	3351013.12	31.06
595508.05	3351013.00	27.65
595508.24	3351012.86	23.81
595500.07	3351015.19	42.97
595500.48	3351014.90	34.61
595501.23	3351014.64	34.84
595501.52	3351014.42	28.67
595501.72	3351014.28	24.50
595502.25	3351014.15	28.11
595502.41	3351014.04	24.83
595503.07	3351013.82	25.72
595503.59	3351013.69	29.13
595503.82	3351013.53	24.37
595503.52	3351013.99	44.68
595503.73	3351013.85	40.48
595504.31	3351013.42	28.37
595504.51	3351013.28	24.27
595503.10	3351014.55	67.58
595503.26	3351014.43	64.23
595503.99	3351014.17	63.77
595504.82	3351013.83	61.45
595506.32	3351012.74	30.54
595506.63	3351012.52	24.14
595507.35	3351012.26	24.34
595507.93	3351012.09	26.44
595508.37	3351012.02	31.10
595500.43	3351013.94	27.55
595500.57	3351013.83	24.54
595500.70	3351014.00	36.28
595501.22	3351013.61	25.29
595501.89	3351013.36	24.80
595501.41	3351013.98	49.77
595502.50	3351013.19	27.13
595502.65	3351013.08	24.08
595503.04	3351013.04	29.75
595503.17	3351012.95	27.09
595503.29	3351012.86	24.67
595502.11	3351013.99	64.46
595502.38	3351013.80	58.85
595503.86	3351012.72	28.21
595504.05	3351012.59	24.37
595502.77	3351013.76	64.56
595503.49	3351013.50	64.56
595504.23	3351013.23	63.94
595506.57	3351011.77	29.49
595506.81	3351011.60	24.54
595507.12	3351011.65	33.66
595507.41	3351011.44	27.55
595507.59	3351011.31	24.01
595507.87	3351011.38	33.16
595508.06	3351011.24	29.16
595508.32	3351011.05	23.85
595508.30	3351011.32	38.28
595500.00	3351013.10	37.04
595500.13	3351013.00	34.35
595500.59	3351012.66	24.57
595500.84	3351012.73	33.13
595501.13	3351012.52	27.06
595501.25	3351012.43	24.57
595501.25	3351012.69	39.10
595501.93	3351012.19	24.93
595501.10	3351013.06	56.98
595501.62	3351012.68	46.25
595502.39	3351012.12	30.24
595502.60	3351011.97	25.85
595501.61	3351012.95	60.99
595501.80	3351012.81	56.92
595502.24	3351012.49	47.96
595502.22	3351012.78	63.71
595504.13	3351011.39	24.21
595503.17	3351012.33	57.54
595503.35	3351012.20	53.80
595503.68	3351011.96	47.17
595504.72	3351011.20	25.55
595503.49	3351012.35	65.38
595503.73	3351012.18	60.59
595503.95	3351012.02	56.03
595504.54	3351011.85	58.36
595504.74	3351011.71	54.36
595506.03	3351010.77	27.69
595506.23	3351010.63	23.65
595505.25	3351011.62	59.51
595506.98	3351010.37	24.01
595507.02	3351010.58	36.90
595507.63	3351010.14	24.54
595507.91	3351010.20	33.56
595508.32	3351009.91	25.19
595500.10	3351012.40	33.62
595500.52	3351012.09	24.90
595500.80	3351012.15	33.79
595501.24	3351011.83	24.70
595500.88	3351012.36	47.04
595501.14	3351012.17	41.63
595501.95	3351011.57	24.63
595501.45	3351012.21	50.13
595502.13	3351012.22	64.46
595502.95	3351011.88	62.10
595503.18	3351011.72	57.31
595503.56	3351011.44	49.47
595503.55	3351011.72	65.32
595503.82	3351011.53	59.90
595504.54	3351011.25	58.30
595505.57	3351010.49	36.87
595506.22	3351010.03	23.75
595505.26	3351011.01	59.31
595506.32	3351010.23	37.33
595506.98	3351009.76	23.98
595507.01	3351010.00	38.15
595507.59	3351009.59	26.41
595507.73	3351009.49	23.58
595508.28	3351009.35	26.93
595508.43	3351009.25	24.01
595500.25	3351011.32	24.96
595500.25	3351011.61	40.91
595500.62	3351011.34	33.20
595500.87	3351011.16	28.01
595501.04	3351011.03	24.50
595500.59	3351011.60	47.21
595500.82	3351011.43	42.28
595501.68	3351010.80	24.37
595501.22	3351011.40	48.78
595501.48	3351011.21	43.24
595501.68	3351011.06	39.17
595502.39	3351010.55	24.37
595501.36	3351011.57	61.28
595501.63	3351011.38	55.67
595502.24	3351010.93	42.94
595503.13	3351010.28	24.47
595501.90	3351011.45	65.09
595502.10	3351011.30	60.99
595502.77	3351010.81	47.11
595503.01	3351010.64	42.19
595503.86	3351010.03	24.67
595502.60	3351011.19	64.89
595503.22	3351011.00	66.40
595503.46	3351010.83	61.54
595504.18	3351010.59	62.76
595504.43	3351010.41	57.61
595505.38	3351009.72	37.92
595506.05	3351009.24	24.27
595506.03	3351009.51	39.23
595506.22	3351009.37	35.26
595506.70	3351009.02	25.45
595507.41	3351008.77	25.22
595508.06	3351008.54	25.55
595507.98	3351008.85	41.20
595500.09	3351010.40	24.93
595500.80	3351010.14	24.70
595500.63	3351010.53	43.24
595501.55	3351009.86	24.14
595500.64	3351010.79	58.39
595501.32	3351010.30	44.19
595502.28	3351009.60	24.17
595502.78	3351009.76	43.17
595503.44	3351009.28	29.56
595503.69	3351009.10	24.50
595502.46	3351010.27	65.51
595503.59	3351009.45	42.09
595504.30	3351008.93	27.46
595504.46	3351008.82	24.31
595504.37	3351009.14	40.35
595504.62	3351008.96	35.20
595504.96	3351008.71	28.28
595505.18	3351008.56	24.04
595505.10	3351008.87	39.89
595505.66	3351008.46	28.31
595505.89	3351008.30	23.75
595506.40	3351008.17	27.06
595506.57	3351008.05	23.68
595507.22	3351007.84	24.70
595507.02	3351008.23	42.65
595507.94	3351007.58	24.14
595507.69	3351008.00	43.37
595508.36	3351007.78	44.22
595501.34	3351010.54	58.43
595502.07	3351010.01	43.30
595502.71	3351009.55	29.98
595502.98	3351009.35	24.31
595500.73	3351009.58	47.93
595500.99	3351009.39	42.55
595501.32	3351009.15	35.72
595501.63	3351008.93	29.23
595501.87	3351008.75	24.21
595501.75	3351009.12	42.48
595501.91	3351009.00	39.20
595502.40	3351008.64	28.96
595502.63	3351008.48	24.24
595502.85	3351008.59	35.20
595503.10	3351008.41	30.05
595503.38	3351008.21	24.31
595503.53	3351008.34	34.57
595504.00	3351008.00	24.90
595504.17	3351008.14	36.02
595504.74	3351007.73	24.31
595503.18	3351009.10	69.91
595504.92	3351007.84	34.05
595505.29	3351007.56	26.27
595505.41	3351007.48	23.81
595503.72	3351008.96	73.35
595504.04	3351008.73	66.83
595506.07	3351007.26	25.03
595506.68	3351007.09	27.52
595506.85	3351006.96	23.95
595507.52	3351006.72	23.91
595507.32	3351007.15	43.60
595508.28	3351006.45	23.88
595508.24	3351006.72	38.12
595508.12	3351007.06	55.11
595503.07	3351008.35	74.50
595505.53	3351006.56	23.91
595503.68	3351008.16	76.27
595506.24	3351006.31	23.78
595504.42	3351007.90	76.44
595506.69	3351006.25	29.95
595506.99	3351006.04	23.88
595505.60	3351007.28	65.45
595506.23	3351006.83	52.72
595507.39	3351005.99	28.93
595507.65	3351005.80	23.68
595506.30	3351007.02	65.45
595508.06	3351005.76	29.75
595508.35	3351005.56	23.91
595506.96	3351006.81	66.46
595507.57	3351006.37	54.19
595507.78	3351006.50	65.41
595508.45	3351006.25	65.32
595500.07	3351008.99	50.62
595500.52	3351008.66	41.14
595501.09	3351008.24	29.23
595501.32	3351008.07	24.21
595501.24	3351008.40	41.17
595501.66	3351008.10	32.51
595502.06	3351007.81	24.24
595502.18	3351007.97	35.82
595502.40	3351007.81	31.33
595502.74	3351007.56	24.24
595501.32	3351008.85	67.91
595502.90	3351007.71	35.36
595503.41	3351007.34	24.86
595503.57	3351007.45	34.67
595504.03	3351007.12	25.39
595502.35	3351008.61	74.77
595502.45	3351008.53	72.63
595504.28	3351007.20	34.94
595500.38	3351007.66	24.34
595500.78	3351007.62	29.82
595501.04	3351007.42	24.31
595501.46	3351007.38	30.05
595501.73	3351007.17	24.21
595501.88	3351007.33	35.92
595502.25	3351007.06	28.21
595502.45	3351006.92	24.04
595502.38	3351007.21	39.14
595502.55	3351007.08	35.49
595503.10	3351006.69	24.24
595501.42	3351008.19	74.67
595503.84	3351006.43	24.50
595502.00	3351008.01	76.21
595505.25	3351005.92	24.31
595503.38	3351007.53	77.13
595506.03	3351005.86	36.74
595506.67	3351005.40	23.58
595505.99	3351006.16	52.85
595507.16	3351005.32	28.87
595507.42	3351005.13	23.55
595506.00	3351006.40	66.69
595507.57	3351005.27	34.67
595506.68	3351006.18	67.48
595507.15	3351006.10	72.67
595507.43	3351005.90	66.86
595508.26	3351005.57	65.15
595500.46	3351006.91	42.28
595501.32	3351006.28	24.34
595501.20	3351006.65	42.32
595502.07	3351006.01	24.17
595501.76	3351006.49	44.61
595502.75	3351005.77	24.01
595502.52	3351006.21	44.45
595503.19	3351005.72	30.61
595501.68	3351007.06	75.52
595503.77	3351006.34	76.96
595503.90	3351006.25	74.24
595505.75	3351004.91	36.31
595506.41	3351004.68	36.74
595506.98	3351004.27	25.09
595505.19	3351005.82	76.14
595505.68	3351005.46	66.01
595507.20	3351004.37	35.07
595505.98	3351005.53	75.62
595506.60	3351005.08	63.12
595508.04	3351004.04	33.72
595508.54	3351003.68	23.42
595506.66	3351005.29	76.08
595507.14	3351004.95	66.40
595507.32	3351005.06	76.64
595508.05	3351004.79	75.62
595500.30	3351005.90	43.93
595500.51	3351006.00	54.13
595501.07	3351005.60	42.58
595501.94	3351004.96	24.40
595500.42	3351006.34	71.06
595503.91	3351004.31	27.52
595504.07	3351004.19	23.98
595502.48	3351005.63	72.63
595504.84	3351003.91	23.88
595503.07	3351005.43	73.58
595505.37	3351003.77	26.34
595505.49	3351003.68	24.01
595505.85	3351003.70	32.38
595506.24	3351003.42	24.31
595504.39	3351005.02	76.67
595504.67	3351004.82	71.06
595506.52	3351003.48	33.16
595506.90	3351003.20	25.29
595505.21	3351004.71	75.75
595507.30	3351003.20	33.03
595507.77	3351002.86	23.49
595505.75	3351004.56	77.91
595506.46	3351004.30	77.65
595506.78	3351004.07	71.25
595507.23	3351004.00	76.24
595507.36	3351003.90	73.42
595507.63	3351003.71	68.04
595508.07	3351003.62	72.17
595500.15	3351005.33	41.56
595500.94	3351004.75	24.90
595500.14	3351005.58	55.11
595500.48	3351005.61	64.10
595501.16	3351005.12	50.03
595500.86	3351005.60	70.63
595501.22	3351005.33	63.15
595503.80	3351003.72	24.44
595502.15	3351005.18	73.39
595504.51	3351003.47	24.60
595502.85	3351004.94	73.91
595505.27	3351003.18	23.88
595503.64	3351004.65	73.19
595506.03	3351002.91	24.08
595504.27	3351004.43	73.62
595506.26	3351002.99	32.77
595504.84	3351004.28	76.47
595505.41	3351004.10	78.01
595506.07	3351003.87	78.80
595506.82	3351003.60	78.44
595507.18	3351003.35	71.52
595507.34	3351003.23	68.07
595507.77	3351003.16	72.70
595507.98	3351003.00	68.27
595500.59	3351003.76	24.21
595500.12	3351004.64	64.00
595500.35	3351004.47	59.25
595500.89	3351004.35	63.25
595501.70	3351004.03	61.51
595503.51	3351002.71	23.81
595504.26	3351002.44	23.81
595504.96	3351002.19	23.75
595503.24	3351003.68	72.67
595505.63	3351001.95	23.65
595503.99	3351003.39	71.68
595504.35	3351003.13	64.30
595506.32	3351001.70	23.62
595504.42	3351003.32	76.34
595504.66	3351003.15	71.55
595504.96	3351002.93	65.35
595507.00	3351001.45	23.52
595505.07	3351003.11	77.88
595505.51	3351002.80	69.15
595505.76	3351002.87	78.21
595508.45	3351000.93	23.39
595506.44	3351002.64	78.90
595506.64	3351002.50	74.90
595507.34	3351002.00	60.66
595507.17	3351002.37	78.21
595508.60	3351001.58	62.49
595500.28	3351003.07	24.27
595500.31	3351003.60	54.69
595500.72	3351003.57	61.51
595500.94	3351003.42	57.02
595502.53	3351002.26	24.04
595503.20	3351002.02	23.91
595503.88	3351001.77	23.75
595504.60	3351001.51	23.62
595503.73	3351002.39	55.28
595505.27	3351001.27	23.62
595503.50	3351002.83	75.32
595506.02	3351001.00	23.62
595504.11	3351002.63	76.57
595504.38	3351002.43	70.99
595504.62	3351002.26	66.10
595504.81	3351002.39	77.23
595505.10	3351002.18	71.22
595505.41	3351001.96	64.82
595505.43	3351002.20	78.90
595506.32	3351001.56	60.69
595507.72	3351001.05	60.69
595507.61	3351001.39	77.52
595508.27	3351000.92	64.27
595500.38	3351002.61	62.36
595501.09	3351002.09	47.63
595502.23	3351001.26	23.98
595502.68	3351001.18	28.28
595502.89	3351001.03	23.98
595503.40	3351000.92	28.18
595503.60	3351000.78	24.04
595504.31	3351000.52	23.88
595503.22	3351001.57	61.15
595505.01	3351000.27	24.31
595503.89	3351001.34	61.77
595503.84	3351001.64	77.03
595504.36	3351001.26	66.33
595506.59	3351000.67	78.24
595508.10	3351000.13	77.82
595500.13	3351002.06	65.97
595501.98	3351000.98	42.22
595502.66	3351000.48	27.98
595502.86	3351000.34	24.01
595503.35	3351000.24	28.51
595503.57	3351000.08	23.95
595503.12	3351000.92	61.87
595504.30	3351000.07	37.66
595503.59	3351000.84	66.89
595503.82	3351000.67	61.97
595504.82	3351000.49	71.62
595505.19	3351000.22	64.00
595505.53	3351000.21	70.40
595505.99	3351000.16	76.60
595501.02	3351000.18	24.17
595500.47	3351000.83	49.57
595501.49	3351000.37	44.19
595502.24	3351000.07	41.99
595502.46	3351000.44	67.22
595503.18	3351000.18	67.61
595500.27	3351000.45	24.27
595508.85	3351000.76	66.43
595509.07	3351000.87	77.00
595509.97	3351000.48	73.32
595509.90	3351000.41	23.09
595510.56	3351000.17	23.03
595509.12	3351001.47	67.12
595509.36	3351001.57	77.19
595509.57	3351001.41	72.80
595510.03	3351001.33	77.49
595510.26	3351001.17	72.83
595510.55	3351000.96	67.02
595511.32	3351000.68	66.53
595510.23	3351001.39	22.93
595508.70	3351002.77	69.42
595510.99	3351001.12	22.96
595509.35	3351002.53	69.25
595509.67	3351002.31	62.89
595510.14	3351002.23	67.84
595510.35	3351002.08	63.58
595510.91	3351001.93	66.79
595511.30	3351001.65	59.05
595512.59	3351000.73	33.03
595513.14	3351000.33	21.88
595513.85	3351000.08	22.27
595515.03	3351000.52	70.50
595515.62	3351000.33	71.78
595516.31	3351000.08	71.48
595515.29	3351001.01	70.57
595515.96	3351000.79	71.68
595516.64	3351000.54	71.22
595517.41	3351000.25	70.50
595517.66	3351000.07	65.41
595510.49	3351001.88	23.12
595509.00	3351003.23	68.83
595511.26	3351001.60	23.06
595509.35	3351003.21	74.90
595509.63	3351003.01	69.19
595510.31	3351002.80	70.86
595510.82	3351002.43	60.53
595512.70	3351001.08	22.70
595511.54	3351002.15	59.54
595512.89	3351001.18	32.38
595513.39	3351000.83	22.34
595513.60	3351000.92	31.59
595514.06	3351000.58	22.24
595514.82	3351000.31	22.11
595515.56	3351000.04	21.94
595515.38	3351000.68	53.80
595516.15	3351000.13	38.48
595510.67	3351002.91	22.76
595511.35	3351002.67	22.83
595511.44	3351002.85	35.17
595512.05	3351002.42	22.90
595510.76	3351003.60	63.25
595512.21	3351002.55	33.92
595512.77	3351002.16	22.70
595512.94	3351002.29	33.56
595513.13	3351002.15	29.62
595513.49	3351001.89	22.44
595512.21	3351003.07	62.56
595512.64	3351002.76	54.00
595514.22	3351001.63	22.34
595512.95	3351002.78	61.41
595513.31	3351002.52	54.13
595514.91	3351001.38	22.11
595513.96	3351002.31	55.28
595515.62	3351001.12	22.04
595514.66	3351002.06	55.47
595516.34	3351000.86	22.01
595515.49	3351001.74	54.06
595517.11	3351000.59	21.81
595516.13	3351001.52	54.42
595516.29	3351001.41	51.31
595517.79	3351000.34	21.48
595516.12	3351001.78	69.15
595516.70	3351001.37	57.64
595516.82	3351001.28	55.18
595518.54	3351000.06	21.29
595516.96	3351001.45	67.19
595517.47	3351001.09	57.21
595518.28	3351000.78	55.90
595518.72	3351000.71	60.82
595518.94	3351000.55	56.39
595519.65	3351000.27	54.98
595508.84	3351004.62	23.65
595509.37	3351004.78	42.88
595510.26	3351004.14	24.83
595511.07	3351003.82	23.12
595511.76	3351003.56	22.73
595512.48	3351003.31	22.63
595511.72	3351004.09	51.24
595513.14	3351003.07	22.60
595511.90	3351004.21	61.67
595512.32	3351003.91	53.14
595513.85	3351002.81	22.50
595512.66	3351003.92	60.69
595513.00	3351003.68	54.03
595514.59	3351002.54	22.04
595513.09	3351003.86	65.71
595513.19	3351003.78	63.64
595513.57	3351003.51	56.16
595513.87	3351003.56	65.15
595514.03	3351003.45	62.07
595516.06	3351002.01	21.65
595514.81	3351003.13	59.67
595515.03	3351002.97	55.24
595516.72	3351001.77	21.68
595517.42	3351001.52	21.75
595518.13	3351001.27	21.98
595516.89	3351002.41	61.05
595517.11	3351002.26	56.82
595518.90	3351000.98	21.35
595517.32	3351002.35	66.24
595517.76	3351002.04	57.54
595519.60	3351000.73	21.29
595518.03	3351002.11	66.92
595519.20	3351001.28	43.89
595519.56	3351001.03	36.90
595519.72	3351000.91	33.59
595520.60	3351000.55	31.03
595521.11	3351000.18	20.89
595520.45	3351000.90	47.53
595521.34	3351000.52	44.32
595509.07	3351005.29	23.75
595509.78	3351005.06	24.90
595508.87	3351005.96	57.02
595510.40	3351004.86	26.01
595510.54	3351004.76	23.12
595511.19	3351004.55	24.77
595511.96	3351004.27	24.34
595512.76	3351003.96	22.73
595511.82	3351004.87	55.70
595513.49	3351003.69	22.53
595512.11	3351004.91	63.25
595512.48	3351004.64	55.77
595512.71	3351004.48	51.21
595512.78	3351004.68	63.74
595513.07	3351004.46	57.74
595513.32	3351004.29	52.85
595513.28	3351004.56	67.12
595513.95	3351004.34	68.07
595514.95	3351003.88	62.56
595515.09	3351003.78	59.74
595517.00	3351002.42	21.75
595515.62	3351003.65	63.18
595517.66	3351002.20	22.70
595518.42	3351001.91	21.68
595517.28	3351002.95	56.98
595519.07	3351001.67	21.52
595519.84	3351001.40	21.52
595518.17	3351002.85	69.32
595518.39	3351002.69	64.99
595520.07	3351001.50	31.82
595520.29	3351001.34	27.55
595520.69	3351001.29	32.61
595521.29	3351000.87	20.80
595522.06	3351000.59	20.70
595522.36	3351000.62	28.67
595522.78	3351000.33	20.50
595523.56	3351000.04	20.34
595523.79	3351000.11	28.54
595508.61	3351006.46	30.70
595508.95	3351006.21	23.78
595509.64	3351005.98	24.44
595510.37	3351005.71	23.91
595511.14	3351005.43	24.01
595511.71	3351005.26	26.14
595512.44	3351005.00	25.68
595512.59	3351004.89	22.76
595513.38	3351004.60	22.44
595514.07	3351004.35	22.50
595512.61	3351005.66	66.24
595513.42	3351005.08	49.93
595513.16	3351005.49	67.97
595515.46	3351003.85	22.14
595513.82	3351005.26	68.66
595514.12	3351005.06	62.86
595516.17	3351003.60	22.04
595514.69	3351004.90	65.51
595516.88	3351003.34	21.98
595517.61	3351003.07	21.62
595518.32	3351002.82	21.48
595519.03	3351002.56	21.48
595519.76	3351002.30	21.35
595520.14	3351002.27	27.09
595520.44	3351002.06	21.29
595520.94	3351001.95	25.42
595521.17	3351001.79	20.93
595521.96	3351001.50	20.57
595522.62	3351001.26	20.40
595523.41	3351000.97	20.24
595524.12	3351000.72	20.11
595524.89	3351000.44	20.11
595525.57	3351000.19	19.84
595525.75	3351000.55	43.33
595526.21	3351000.45	47.01
595525.99	3351001.04	19.58
595524.67	3351002.22	59.64
595526.43	3351000.99	25.72
595526.76	3351000.76	19.29
595526.14	3351001.42	43.96
595526.40	3351001.24	39.00
595527.43	3351000.51	19.16
595526.87	3351001.15	43.40
595528.13	3351000.26	19.19
595526.76	3351001.45	58.43
595527.55	3351000.90	43.24
595527.73	3351000.77	39.76
595527.85	3351000.69	37.43
595528.81	3351000.02	19.06
595527.41	3351001.23	58.92
595528.48	3351000.48	38.45
595529.09	3351000.32	41.40
595529.50	3351000.26	46.19
595529.79	3351000.05	40.71
595508.57	3351007.64	40.32
595509.37	3351007.06	24.08
595510.02	3351006.85	25.42
595510.66	3351006.64	26.47
595510.80	3351006.54	23.55
595511.40	3351006.35	25.09
595512.20	3351006.04	23.52
595513.00	3351005.75	23.09
595513.69	3351005.48	22.34
595512.62	3351006.52	59.18
595514.46	3351005.21	22.44
595513.04	3351006.48	65.15
595513.39	3351006.24	58.23
595515.19	3351004.95	22.17
595513.77	3351006.22	65.25
595515.93	3351004.68	22.04
595514.47	3351005.96	64.82
595516.63	3351004.42	21.85
595515.14	3351005.72	64.82
595517.31	3351004.18	21.78
595515.81	3351005.50	65.58
595518.03	3351003.92	21.58
595518.70	3351003.68	21.39
595519.45	3351003.41	21.32
595520.15	3351003.16	21.16
595520.90	3351002.88	21.03
595521.43	3351002.75	24.27
595521.60	3351002.63	20.99
595521.88	3351002.66	28.14
595522.27	3351002.38	20.43
595523.06	3351002.10	20.37
595523.80	3351001.83	20.11
595523.90	3351002.00	31.52
595524.49	3351001.58	19.94
595523.15	3351002.78	60.20
595524.49	3351001.83	34.08
595525.23	3351001.31	19.81
595523.88	3351002.52	60.33
595525.36	3351001.48	31.66
595518.23	3351004.83	21.62
595516.65	3351006.19	66.10
595516.89	3351006.02	61.38
595517.60	3351005.77	61.51
595518.05	3351005.45	52.65
595519.64	3351004.32	21.29
595518.66	3351005.25	53.83
595520.32	3351004.07	21.06
595519.05	3351005.24	60.82
595519.72	3351004.76	47.53
595519.72	3351005.00	60.69
595520.50	3351004.70	59.74
595521.24	3351004.18	45.30
595522.52	3351003.27	20.27
595523.23	3351003.02	20.30
595523.64	3351002.96	25.16
595523.90	3351002.77	20.04
595524.09	3351002.91	31.29
595524.67	3351002.50	19.91
595525.40	3351002.23	19.65
595524.02	3351003.44	59.74
595525.38	3351002.49	33.53
595526.09	3351001.99	19.78
595524.75	3351003.18	60.00
595526.25	3351002.13	31.06
595526.63	3351001.87	23.78
595526.86	3351001.70	19.32
595527.16	3351001.75	27.65
595527.59	3351001.44	19.32
595527.94	3351001.46	27.23
595528.36	3351001.16	19.16
595526.93	3351002.38	58.89
595529.02	3351000.92	18.86
595527.64	3351002.13	58.98
595529.74	3351000.66	18.70
595528.39	3351001.84	57.87
595529.03	3351001.62	58.56
595529.79	3351001.35	58.30
595508.76	3351008.29	25.55
595508.68	3351008.61	41.56
595508.96	3351008.40	35.76
595509.46	3351008.04	25.59
595510.13	3351007.82	26.57
595510.28	3351007.72	23.68
595510.93	3351007.50	24.70
595511.59	3351007.28	25.82
595512.26	3351007.05	26.08
595512.39	3351006.96	23.58
595513.12	3351006.68	22.67
595513.87	3351006.41	22.40
595514.63	3351006.13	22.27
595513.48	3351007.19	58.30
595515.29	3351005.89	22.11
595514.01	3351007.07	62.56
595516.06	3351005.62	21.88
595514.57	3351006.93	66.14
595514.89	3351006.71	59.97
595516.80	3351005.35	21.98
595515.32	3351006.67	66.20
595516.00	3351006.42	65.78
595513.40	3351007.45	22.57
595514.13	3351007.18	22.37
595514.79	3351006.94	22.24
595513.79	3351007.93	57.51
595515.56	3351006.67	22.21
595514.28	3351007.83	61.90
595515.69	3351006.83	33.95
595516.29	3351006.40	22.01
595514.81	3351007.70	65.12
595515.27	3351007.37	56.06
595515.53	3351007.46	65.81
595516.19	3351007.24	66.69
595518.46	3351005.62	21.65
595517.22	3351006.77	61.41
595519.25	3351005.33	21.32
595517.85	3351006.55	61.71
595518.26	3351006.26	53.64
595518.55	3351006.06	47.86
595519.90	3351005.10	21.29
595518.56	3351006.30	61.74
595518.80	3351006.13	57.15
595518.99	3351005.99	53.28
595520.64	3351004.83	21.03
595519.21	3351006.08	62.23
595519.76	3351005.92	64.46
595520.81	3351005.44	58.89
595521.10	3351005.24	53.21
595521.48	3351004.97	45.73
595521.78	3351004.98	52.52
595523.44	3351003.81	20.07
595522.35	3351004.85	56.43
595522.55	3351004.71	52.65
595524.23	3351003.53	19.94
595522.77	3351004.78	60.95
595524.89	3351003.29	19.81
595523.46	3351004.53	60.99
595525.59	3351003.04	19.71
595524.17	3351004.29	61.77
595526.36	3351002.76	19.58
595524.97	3351003.97	59.94
595527.07	3351002.50	19.42
595525.74	3351003.68	59.05
595527.80	3351002.24	19.32
595526.68	3351003.27	54.49
595528.53	3351001.97	18.99
595527.24	3351003.13	58.36
595529.07	3351001.86	23.32
595529.29	3351001.70	18.99
595528.00	3351002.85	57.48
595529.82	3351001.82	36.18
595529.36	3351002.38	58.30
595508.80	3351009.24	31.13
595509.07	3351009.04	25.49
595509.43	3351009.02	31.49
595509.84	3351008.73	23.29
595510.38	3351008.60	26.90
595510.53	3351008.50	23.85
595510.35	3351008.86	40.71
595511.10	3351008.32	25.42
595511.81	3351008.08	26.27
595511.95	3351007.98	23.35
595512.54	3351007.80	25.49
595511.88	3351008.64	25.22
595512.50	3351008.43	26.11
595512.66	3351008.32	22.96
595513.39	3351008.06	22.80
595514.13	3351007.78	22.40
595514.84	3351007.53	22.40
595515.56	3351007.27	22.11
595514.32	3351008.37	59.61
595516.23	3351007.03	21.91
595514.89	3351008.24	63.54
595515.12	3351008.09	59.15
595516.99	3351006.75	21.91
595515.54	3351008.05	65.68
595517.76	3351006.47	21.68
595516.24	3351007.78	64.59
595518.42	3351006.23	21.48
595516.99	3351007.52	64.82
595517.14	3351007.41	61.87
595519.18	3351005.96	21.48
595518.22	3351006.89	54.52
595519.89	3351005.71	21.45
595518.70	3351006.82	60.20
595519.00	3351006.61	54.19
595519.41	3351006.32	46.09
595519.77	3351006.06	39.04
595519.17	3351006.71	63.54
595519.93	3351006.42	62.17
595520.41	3351006.08	52.85
595520.85	3351006.01	57.97
595521.09	3351005.84	53.28
595522.76	3351004.67	20.70
595521.54	3351005.75	57.18
595521.78	3351005.58	52.49
595522.86	3351004.83	31.52
595523.42	3351004.42	20.40
595522.30	3351005.49	57.38
595522.56	3351005.31	52.46
595524.22	3351004.13	20.01
595522.81	3351005.36	60.26
595524.88	3351003.90	20.11
595523.51	3351005.12	61.31
595525.65	3351003.62	19.88
595524.23	3351004.85	60.40
595526.34	3351003.37	19.61
595524.85	3351004.64	61.22
595527.02	3351003.12	19.38
595525.76	3351004.27	58.72
595527.80	3351002.84	19.42
595526.71	3351003.85	53.96
595528.52	3351002.58	19.22
595527.14	3351003.79	59.35
595527.32	3351003.66	55.77
595529.23	3351002.32	19.19
595527.82	3351003.55	59.71
595527.98	3351003.44	56.75
595529.97	3351002.05	18.66
595529.66	3351002.53	39.40
595529.97	3351002.32	33.53
595529.47	3351002.91	56.88
595509.17	3351009.58	23.65
595509.50	3351009.60	31.29
595509.87	3351009.33	23.81
595509.75	3351009.68	40.87
595510.19	3351009.36	31.92
595510.59	3351009.07	23.68
595510.36	3351009.48	41.69
595511.22	3351008.86	24.17
595511.00	3351009.27	42.97
595511.12	3351009.18	40.51
595519.98	3351007.03	32.02
595520.54	3351006.63	21.09
595519.53	3351007.61	55.70
595520.75	3351006.75	31.82
595521.30	3351006.36	21.03
595519.95	3351007.57	61.64
595520.21	3351007.38	56.43
595520.78	3351007.22	58.85
595521.10	3351006.99	52.52
595522.74	3351005.84	20.57
595521.32	3351007.08	61.77
595521.69	3351006.82	54.69
595523.45	3351005.58	20.37
595521.96	3351006.86	62.27
595524.82	3351005.08	20.17
595523.40	3351006.33	61.81
595523.51	3351006.26	59.64
595525.57	3351004.81	19.75
595524.18	3351006.02	59.94
595526.26	3351004.56	19.78
595524.91	3351005.77	60.33
595526.96	3351004.34	20.83
595525.60	3351005.52	60.23
595525.79	3351005.38	56.46
595526.14	3351005.14	49.83
595526.28	3351005.28	60.30
595526.94	3351004.82	47.67
595527.17	3351004.66	43.30
595528.42	3351003.78	19.32
595526.98	3351005.03	60.43
595527.98	3351004.33	41.10
595529.12	3351003.53	19.25
595528.71	3351004.09	42.09
595529.92	3351003.24	18.96
595528.44	3351004.50	60.13
595529.42	3351003.82	41.43
595529.32	3351004.13	57.25
595509.03	3351010.80	23.65
595509.13	3351011.00	37.00
595509.79	3351010.52	23.58
595509.88	3351010.72	36.25
595510.07	3351010.58	32.38
595510.40	3351010.34	25.55
595510.50	3351010.27	23.52
595510.99	3351010.43	42.55
595511.28	3351010.22	36.77
595511.85	3351009.82	25.36
595511.72	3351010.15	41.50
595512.52	3351009.58	25.42
595512.44	3351009.88	40.84
595513.35	3351009.23	22.53
595512.82	3351009.84	46.55
595514.03	3351008.98	22.44
595512.56	3351010.30	67.09
595513.37	3351009.73	51.04
595513.19	3351010.09	67.55
595513.52	3351009.86	60.99
595514.26	3351009.60	61.45
595516.09	3351008.30	25.13
595516.23	3351008.19	22.21
595514.91	3351009.37	61.74
595516.90	3351007.96	22.30
595517.47	3351007.79	24.63
595517.61	3351007.70	21.91
595516.24	3351008.92	63.28
595516.71	3351008.59	54.00
595518.36	3351007.42	21.39
595518.43	3351007.62	34.21
595519.07	3351007.16	21.42
595518.02	3351008.17	56.65
595519.25	3351007.30	32.41
595519.46	3351007.15	28.28
595519.82	3351006.89	21.25
595518.77	3351007.88	55.83
595526.04	3351005.50	19.68
595524.62	3351006.74	60.62
595526.73	3351005.26	19.88
595525.38	3351006.47	60.53
595527.49	3351004.99	19.84
595526.05	3351006.22	60.17
595526.89	3351005.63	44.09
595526.85	3351005.92	59.35
595527.55	3351005.43	45.93
595528.94	3351004.46	19.42
595527.47	3351005.71	60.17
595529.63	3351004.21	18.89
595528.16	3351005.47	60.20
595529.47	3351004.81	49.34
595508.56	3351011.89	27.62
595508.75	3351011.75	23.65
595508.71	3351012.04	39.04
595508.95	3351011.87	34.21
595509.47	3351011.50	23.65
595509.50	3351011.75	38.74
595509.97	3351011.42	29.23
595510.14	3351011.30	25.85
595510.52	3351011.26	31.52
595510.91	3351010.98	23.58
595511.23	3351011.03	32.51
595511.61	3351010.75	24.70
595511.51	3351011.08	41.30
595511.69	3351010.96	37.76
595512.34	3351010.49	24.67
595511.49	3351011.36	56.59
595512.24	3351010.82	41.40
595513.03	3351010.26	25.62
595513.14	3351010.18	23.52
595512.20	3351011.10	56.16
595513.88	3351009.90	22.44
595512.35	3351011.23	66.66
595512.76	3351010.94	58.33
595514.56	3351009.65	22.37
595512.99	3351011.03	67.81
595513.22	3351010.86	63.25
595513.67	3351010.77	67.35
595513.94	3351010.58	62.07
595514.70	3351010.30	61.51
595516.69	3351008.89	22.04
595515.35	3351010.09	62.46
595517.39	3351008.64	21.94
595516.15	3351009.78	61.15
595516.48	3351009.54	54.59
595518.14	3351008.36	21.75
595517.15	3351009.31	54.92
595517.66	3351008.95	45.01
595517.95	3351008.74	39.23
595518.82	3351008.12	22.01
595517.77	3351009.09	55.24
595518.67	3351008.45	37.53
595518.61	3351008.77	54.16
595519.46	3351008.17	37.43
595519.72	3351007.99	32.28
595520.29	3351007.58	21.06
595520.64	3351007.59	28.44
595521.02	3351007.32	21.06
595519.85	3351008.39	57.57
595521.72	3351007.07	20.96
595520.55	3351008.15	57.90
595522.45	3351006.81	20.76
595521.18	3351007.96	59.94
595523.20	3351006.53	20.53
595521.86	3351007.74	61.61
595523.98	3351006.25	20.34
595522.50	3351007.52	61.81
595522.67	3351007.40	58.59
595524.01	3351006.46	32.51
595524.65	3351006.01	20.07
595523.31	3351007.20	59.84
595524.62	3351006.27	34.31
595525.37	3351005.74	19.81
595523.99	3351006.94	59.48
595525.82	3351005.66	24.11
595511.84	3351011.57	23.45
595512.18	3351011.58	31.00
595512.45	3351011.39	25.45
595512.57	3351011.30	23.12
595511.57	3351012.26	57.08
595513.28	3351011.05	23.03
595512.37	3351011.98	56.95
595514.07	3351010.76	22.73
595512.52	3351012.13	68.33
595512.85	3351011.89	61.81
595514.81	3351010.49	22.53
595513.17	3351011.90	68.47
595513.42	3351011.71	63.41
595513.89	3351011.64	68.24
595514.15	3351011.45	63.02
595514.82	3351011.19	62.30
595516.82	3351009.77	22.53
595515.55	3351010.93	62.27
595516.93	3351009.96	35.00
595516.32	3351010.64	61.25
595516.99	3351010.17	48.26
595517.28	3351010.20	55.61
595518.21	3351009.54	37.27
595518.04	3351009.92	55.54
595519.13	3351009.15	34.02
595519.76	3351008.71	21.68
595518.69	3351009.69	55.47
595519.51	3351009.11	39.43
595519.42	3351009.43	55.38
595521.18	3351008.19	20.93
595520.09	3351009.20	56.13
595521.04	3351008.53	37.49
595521.40	3351008.28	30.44
595521.89	3351007.93	20.96
595522.23	3351007.95	29.03
595522.65	3351007.66	20.76
595523.35	3351007.40	20.63
595523.59	3351007.48	29.69
595523.79	3351007.34	25.82
595524.06	3351007.15	20.50
595524.12	3351007.38	34.51
595524.38	3351007.19	29.46
595524.85	3351006.86	20.40
595523.59	3351007.99	58.53
595524.63	3351007.26	38.32
595525.39	3351006.73	23.72
595525.59	3351006.59	19.91
595524.29	3351007.75	58.66
595525.30	3351007.04	39.14
595525.62	3351006.81	32.84
595526.29	3351006.34	19.88
595524.89	3351007.54	59.51
595526.96	3351006.10	19.71
595525.57	3351007.32	60.23
595527.43	3351006.01	24.44
595527.67	3351005.84	19.78
595526.29	3351007.05	59.77
595527.03	3351006.53	45.40
595527.56	3351006.16	35.36
595528.39	3351005.58	19.35
595526.98	3351006.81	60.10
595528.29	3351005.89	34.97
595528.86	3351005.74	37.59
595529.04	3351005.61	34.12
595529.84	3351005.05	18.86
595528.87	3351005.97	50.91
595529.07	3351005.82	46.94
595529.48	3351005.54	39.27
595529.57	3351005.72	51.18
595508.60	3351012.88	31.95
595508.99	3351012.60	24.04
595509.21	3351012.69	33.49
595509.65	3351012.37	24.54
595509.85	3351012.46	33.75
595510.23	3351012.20	26.21
595510.35	3351012.11	23.72
595510.41	3351012.34	38.15
595510.68	3351012.15	32.74
595511.11	3351011.84	23.95
595511.38	3351011.90	32.80
595511.53	3351011.79	29.69
595521.44	3351009.00	38.09
595521.69	3351008.82	33.20
595521.86	3351008.70	29.88
595522.32	3351008.37	20.66
595522.92	3351008.22	24.14
595523.10	3351008.09	20.60
595523.32	3351008.17	29.82
595523.45	3351008.09	27.55
595523.81	3351007.84	20.57
595524.03	3351007.93	30.41
595524.34	3351007.71	24.34
595524.55	3351007.57	20.30
595523.38	3351008.64	56.79
595524.52	3351007.83	34.64
595525.07	3351007.45	24.04
595525.28	3351007.30	19.98
595525.36	3351007.51	33.10
595526.04	3351007.03	19.84
595524.74	3351008.19	58.98
595525.40	3351007.72	46.16
595526.77	3351006.76	19.71
595525.44	3351007.93	58.49
595526.11	3351007.46	45.43
595527.46	3351006.51	19.52
595526.14	3351007.68	58.75
595526.76	3351007.25	46.94
595528.19	3351006.25	19.32
595526.82	3351007.43	58.33
595527.45	3351006.99	46.12
595528.85	3351006.01	19.38
595528.18	3351006.72	45.70
595528.50	3351006.50	39.73
595528.85	3351006.25	32.90
595528.64	3351006.65	50.52
595529.16	3351006.28	40.45
595529.34	3351006.40	50.68
595529.53	3351006.27	47.11
595529.78	3351006.09	42.28
595509.01	3351013.33	32.34
595509.44	3351013.03	23.72
595509.67	3351013.12	33.43
595510.13	3351012.78	23.98
595510.54	3351012.75	30.24
595510.87	3351012.51	23.68
595511.07	3351012.60	32.70
595511.20	3351012.51	30.05
595511.53	3351012.28	23.52
595511.92	3351012.27	31.03
595512.34	3351011.97	22.67
595512.69	3351011.98	30.34
595512.91	3351011.82	25.88
595513.06	3351011.72	22.99
595513.57	3351011.59	25.78
595513.72	3351011.48	22.70
595512.25	3351012.81	67.81
595512.68	3351012.50	59.18
595514.50	3351011.20	22.57
595512.91	3351012.58	68.53
595513.21	3351012.37	62.56
595513.96	3351012.11	62.86
595514.36	3351012.06	67.88
595514.63	3351011.86	62.40
595516.64	3351010.43	22.50
595515.35	3351011.60	62.20
595517.01	3351010.42	29.23
595517.37	3351010.16	21.98
595516.37	3351011.12	55.70
595517.70	3351010.17	29.23
595518.07	3351009.90	21.71
595517.07	3351010.85	54.78
595517.23	3351010.74	51.70
595518.02	3351010.18	35.95
595518.75	3351009.66	21.65
595517.80	3351010.60	55.24
595518.52	3351010.09	41.01
595519.50	3351009.39	21.65
595518.42	3351010.39	55.83
595520.16	3351009.16	21.65
595519.15	3351010.14	56.69
595520.95	3351008.88	21.52
595519.88	3351009.86	55.54
595520.82	3351009.19	36.94
595509.37	3351014.24	29.69
595509.65	3351014.03	23.85
595510.15	3351013.96	29.33
595510.42	3351013.76	23.75
595510.73	3351013.77	30.74
595511.09	3351013.52	23.55
595510.77	3351014.02	45.37
595511.63	3351013.40	27.95
595511.86	3351013.24	23.35
595511.20	3351013.95	50.06
595511.40	3351013.80	46.03
595512.30	3351013.16	27.95
595512.55	3351012.98	22.93
595512.06	3351013.58	46.42
595512.82	3351013.03	31.06
595513.21	3351012.75	23.32
595513.64	3351012.71	29.59
595513.90	3351012.52	24.31
595514.69	3351012.23	23.49
595515.40	3351011.96	23.06
595513.95	3351013.25	65.94
595514.39	3351012.93	57.21
595516.03	3351011.77	24.63
595516.13	3351011.70	22.63
595514.75	3351012.96	65.61
595516.93	3351011.41	22.30
595517.66	3351011.14	22.01
595517.13	3351011.76	46.25
595518.36	3351010.89	21.91
595517.41	3351011.80	53.93
595519.06	3351010.63	21.39
595518.07	3351011.55	53.77
595519.47	3351010.57	26.50
595519.72	3351010.39	21.48
595518.66	3351011.39	56.36
595520.45	3351010.13	21.32
595519.39	3351011.13	56.20
595520.34	3351010.46	37.53
595521.18	3351009.86	20.99
595520.13	3351010.85	55.47
595521.01	3351010.23	38.09
595521.23	3351010.07	33.82
595521.44	3351009.93	29.78
595521.88	3351009.62	21.19
595521.66	3351010.02	39.50
595522.16	3351009.67	29.69
595522.62	3351009.34	20.70
595522.42	3351009.73	38.12
595522.81	3351009.45	30.44
595523.02	3351009.30	26.27
595523.31	3351009.09	20.60
595523.81	3351008.99	24.80
595524.04	3351008.82	20.17
595524.55	3351008.72	24.31
595524.76	3351008.57	20.20
595523.65	3351009.61	56.39
595525.04	3351008.63	29.56
595525.53	3351008.29	20.04
595524.32	3351009.36	56.20
595525.96	3351008.22	24.67
595526.22	3351008.04	19.65
595524.98	3351009.16	57.87
595525.72	3351008.90	57.93
595526.09	3351008.64	50.78
595527.73	3351007.49	19.16
595526.46	3351008.64	58.07
595526.89	3351008.33	49.73
595528.48	3351007.22	19.25
595527.18	3351008.36	57.28
595527.57	3351008.09	49.93
595529.14	3351006.99	19.78
595527.82	3351008.13	57.34
595528.43	3351007.71	45.73
595529.02	3351007.30	34.57
595529.84	3351006.73	18.86
595529.47	3351007.23	39.76
595518.42	3351011.91	22.40
595519.14	3351011.65	22.40
595518.19	3351012.55	54.19
595519.87	3351011.37	21.19
595518.92	3351012.29	54.03
595520.59	3351011.11	21.35
595521.26	3351010.87	21.03
595521.29	3351011.09	34.31
595521.97	3351010.61	21.03
595522.44	3351010.53	25.82
595522.70	3351010.35	20.83
595522.59	3351010.67	36.41
595523.39	3351010.10	20.63
595523.31	3351010.43	37.36
595523.99	3351009.94	24.08
595524.17	3351009.82	20.53
595523.05	3351010.83	55.01
595524.40	3351009.88	28.80
595524.62	3351009.73	24.57
595524.84	3351009.57	20.24
595523.70	3351010.62	55.97
595525.16	3351009.59	27.72
595525.55	3351009.31	20.07
595524.36	3351010.40	57.08
595526.29	3351009.05	19.88
595525.28	3351010.01	53.77
595525.79	3351009.65	43.86
595527.03	3351008.79	20.01
595525.82	3351009.87	56.59
595526.52	3351009.62	57.02
595527.24	3351009.38	57.64
595527.45	3351009.23	53.60
595527.96	3351009.12	57.48
595528.28	3351008.90	51.34
595528.68	3351008.86	57.57
595529.00	3351008.64	51.41
595529.31	3351008.43	45.53
595529.50	3351008.52	54.56
595508.90	3351015.40	27.95
595509.10	3351015.26	23.91
595508.53	3351015.92	49.47
595509.55	3351015.18	28.60
595509.78	3351015.02	23.91
595509.27	3351015.64	48.62
595510.35	3351014.86	26.70
595510.51	3351014.75	23.52
595509.99	3351015.36	47.37
595511.18	3351014.51	23.26
595510.36	3351015.37	55.24
595511.92	3351014.25	23.72
595511.06	3351015.11	54.46
595512.52	3351014.06	24.93
595511.81	3351014.83	54.19
595512.57	3351014.53	52.52
595514.02	3351013.50	23.68
595513.42	3351014.17	49.21
595514.61	3351013.32	25.36
595515.36	3351013.06	25.62
595515.52	3351012.95	22.50
595516.22	3351012.69	22.44
595516.81	3351012.53	25.03
595516.96	3351012.42	22.14
595517.68	3351012.17	22.17
595508.68	3351016.13	23.91
595509.16	3351016.05	28.90
595509.41	3351015.87	23.81
595508.78	3351016.60	52.13
595508.92	3351016.50	49.17
595509.91	3351015.79	29.10
595510.17	3351015.60	23.75
595509.43	3351016.37	52.06
595509.56	3351016.27	49.50
595509.96	3351016.25	55.83
595510.35	3351015.96	47.83
595510.35	3351016.19	60.89
595510.61	3351016.01	55.74
595512.20	3351014.87	23.58
595511.32	3351015.75	55.54
595512.87	3351014.65	24.50
595512.05	3351015.49	55.51
595512.16	3351015.41	53.34
595513.65	3351014.35	23.35
595512.73	3351015.24	55.21
595513.79	3351014.76	49.40
595515.09	3351013.84	23.45
595514.45	3351014.52	49.24
595515.66	3351013.66	25.09
595515.78	3351013.57	22.60
595516.39	3351013.39	24.80
595516.52	3351013.30	22.27
595517.06	3351013.17	25.65
595517.24	3351013.04	22.04
595517.99	3351012.78	22.27
595518.20	3351012.88	31.98
595518.70	3351012.52	21.91
595517.79	3351013.41	53.74
595518.77	3351012.71	34.41
595519.43	3351012.25	21.52
595518.59	3351013.12	53.18
595520.21	3351011.97	21.22
595519.21	3351012.92	54.75
595520.28	3351012.17	33.85
595520.93	3351011.71	21.12
595519.93	3351012.67	54.82
595521.64	3351011.45	21.22
595520.60	3351012.43	54.85
595520.79	3351012.29	51.14
595521.57	3351011.74	35.79
595521.92	3351011.50	29.10
595521.43	3351012.07	51.73
595522.29	3351011.47	35.00
595522.76	3351011.14	25.75
595523.01	3351010.96	20.83
595522.94	3351011.25	35.92
595523.73	3351010.70	20.57
595524.45	3351010.43	20.30
595523.41	3351011.42	54.59
595524.87	3351010.39	26.21
595525.18	3351010.17	20.24
595524.00	3351011.25	56.92
595525.90	3351009.91	19.98
595525.32	3351010.55	44.65
595526.30	3351009.88	25.98
595526.62	3351009.65	19.84
595525.40	3351010.74	56.52
595526.82	3351009.74	29.03
595527.28	3351009.42	20.27
595526.10	3351010.49	56.62
595526.37	3351010.31	51.50
595526.91	3351010.20	56.10
595527.15	3351010.03	51.50
595527.51	3351009.78	44.61
595527.78	3351009.58	39.27
595528.66	3351008.97	22.53
595528.82	3351008.85	19.25
595527.50	3351010.00	57.25
595527.81	3351009.79	51.27
595528.37	3351009.66	55.21
595528.63	3351009.48	50.22
595529.03	3351009.44	56.06
595529.31	3351009.24	50.59
595529.60	3351009.04	45.17
595529.88	3351009.10	54.52
595527.21	3351010.23	19.91
595526.02	3351011.31	56.49
595527.93	3351009.97	19.78
595526.75	3351011.04	55.97
595528.65	3351009.71	19.55
595527.46	3351010.78	55.97
595527.78	3351010.56	49.73
595529.38	3351009.44	19.19
595528.16	3351010.55	57.02
595528.55	3351010.28	49.54
595528.91	3351010.25	55.21
595529.28	3351009.99	47.99
595529.84	3351009.86	52.19
595508.57	3351016.96	23.55
595509.24	3351016.73	24.21
595508.48	3351017.54	54.46
595508.62	3351017.44	51.60
595509.79	3351016.60	27.82
595510.01	3351016.44	23.32
595509.11	3351017.35	56.16
595509.62	3351017.26	61.61
595510.02	3351016.97	53.51
595510.25	3351016.81	48.85
595511.52	3351015.90	23.26
595510.25	3351017.04	61.94
595510.51	3351016.85	56.69
595511.06	3351016.71	59.80
595511.63	3351016.31	48.35
595512.86	3351015.42	23.58
595511.78	3351016.43	58.39
595511.92	3351016.33	55.61
595513.47	3351015.23	24.57
595512.70	3351016.02	54.00
595512.98	3351015.83	48.55
595514.21	3351014.95	23.88
595513.56	3351015.68	51.86
595513.79	3351015.51	47.27
595514.89	3351014.73	25.26
595514.40	3351015.31	48.12
595515.56	3351014.49	24.99
595515.67	3351014.41	22.83
595516.29	3351014.23	25.55
595516.39	3351014.16	23.62
595516.99	3351013.97	24.77
595517.10	3351013.89	22.44
595517.70	3351013.72	24.93
595517.85	3351013.61	22.01
595518.31	3351013.55	27.36
595518.57	3351013.35	21.94
595517.66	3351014.26	54.39
595518.69	3351013.53	34.25
595519.32	3351013.08	21.75
595518.16	3351014.15	58.43
595518.35	3351014.02	54.62
595520.04	3351012.82	21.42
595518.93	3351013.86	57.18
595519.96	3351013.12	36.84
595519.79	3351013.52	55.51
595520.76	3351012.83	36.58
595521.55	3351012.28	21.09
595520.54	3351013.23	54.56
595520.82	3351013.04	49.14
595522.27	3351012.01	20.83
595521.39	3351012.88	51.77
595522.98	3351011.76	20.80
595523.18	3351011.84	29.72
595523.30	3351011.76	27.49
595523.64	3351011.52	20.80
595523.95	3351011.54	27.98
595524.34	3351011.26	20.34
595524.70	3351011.26	27.42
595525.07	3351011.00	20.17
595525.27	3351011.11	30.18
595525.78	3351010.74	20.14
595525.93	3351010.89	31.06
595526.50	3351010.49	20.01
595525.32	3351011.56	56.43
595517.85	3351014.58	22.60
595518.29	3351014.51	27.46
595518.57	3351014.31	21.85
595519.28	3351014.05	21.65
595518.11	3351015.12	58.39
595519.98	3351013.80	21.78
595518.81	3351014.90	60.07
595519.04	3351014.74	55.51
595519.26	3351014.58	51.11
595519.47	3351014.67	60.13
595519.77	3351014.46	54.23
595521.47	3351013.26	20.93
595520.17	3351014.43	60.95
595521.02	3351014.09	58.56
595521.20	3351013.96	54.95
595522.96	3351012.72	20.53
595522.16	3351013.54	50.65
595523.26	3351012.77	29.29
595523.69	3351012.46	20.86
595524.02	3351012.47	28.18
595524.40	3351012.21	20.83
595524.55	3351012.33	30.70
595524.70	3351012.23	27.82
595525.10	3351011.95	20.11
595525.25	3351012.08	30.83
595525.81	3351011.69	19.98
595526.49	3351011.44	19.84
595526.00	3351012.04	43.50
595527.23	3351011.18	19.84
595526.66	3351011.82	44.48
595526.82	3351011.71	41.24
595527.96	3351010.92	19.55
595527.01	3351011.82	51.31
595528.69	3351010.65	19.12
595527.67	3351011.60	52.26
595529.40	3351010.40	19.22
595528.57	3351011.19	47.50
595529.51	3351010.55	29.82
595528.86	3351011.25	56.29
595529.64	3351010.96	55.74
595529.88	3351010.79	51.11
595509.07	3351017.79	27.26
595509.25	3351017.67	23.65
595508.59	3351018.40	51.80
595509.99	3351017.40	23.45
595509.12	3351018.28	55.47
595509.79	3351018.06	56.26
595510.01	3351017.90	51.80
595511.06	3351017.14	30.54
595511.41	3351016.89	23.49
595510.23	3351018.01	62.59
595510.51	3351017.81	57.11
595510.99	3351017.73	61.90
595511.35	3351017.47	54.59
595511.78	3351017.40	59.57
595512.05	3351017.21	54.23
595512.57	3351017.09	57.57
595512.80	3351016.92	52.98
595514.16	3351015.95	25.62
595513.44	3351016.70	53.47
595514.85	3351015.70	25.39
595515.53	3351015.47	25.98
595515.67	3351015.37	23.09
595516.25	3351015.21	25.68
595516.39	3351015.10	22.76
595516.99	3351014.92	24.77
595517.61	3351014.75	27.39
595509.65	3351018.51	23.72
595509.17	3351019.10	47.21
595510.36	3351018.25	23.29
595509.40	3351019.21	57.67
595509.65	3351019.02	52.52
595509.88	3351018.86	47.86
595511.10	3351017.98	23.19
595509.90	3351019.10	62.04
595510.65	3351018.82	61.25
595511.24	3351018.40	49.37
595512.10	3351018.03	46.06
595513.13	3351017.30	25.45
595513.85	3351017.06	26.50
595513.99	3351016.96	23.75
595513.04	3351017.89	57.15
595513.26	3351017.74	52.85
595514.57	3351016.81	26.57
595514.73	3351016.69	23.42
595515.27	3351016.55	26.44
595515.45	3351016.42	22.76
595516.03	3351016.25	25.06
595516.66	3351016.04	25.52
595516.79	3351015.94	22.83
595517.42	3351015.75	24.70
595517.54	3351015.67	22.27
595517.99	3351015.60	27.72
595518.26	3351015.41	22.47
595517.57	3351016.13	49.44
595518.70	3351015.35	27.46
595518.98	3351015.14	21.81
595518.06	3351016.05	54.26
595519.70	3351014.89	22.01
595518.55	3351015.94	58.00
595520.42	3351014.62	21.29
595519.12	3351015.78	60.53
595519.31	3351015.65	56.79
595521.14	3351014.36	21.03
595519.82	3351015.53	60.66
595521.86	3351014.10	21.03
595520.61	3351015.25	60.26
595520.95	3351015.00	53.57
595522.62	3351013.83	20.93
595521.53	3351014.83	55.31
595521.75	3351014.67	50.91
595522.46	3351014.43	51.50
595523.46	3351013.73	32.08
595524.20	3351013.46	32.18
595524.81	3351013.03	20.27
595524.47	3351013.53	41.30
595525.51	3351013.04	34.57
595526.26	3351012.51	20.07
595526.54	3351012.54	27.13
595526.92	3351012.28	19.91
595526.44	3351012.85	42.74
595527.63	3351012.02	19.81
595527.07	3351012.64	43.76
595527.19	3351012.57	41.66
595528.34	3351011.76	19.45
595529.07	3351011.50	19.65
595528.14	3351012.39	51.01
595529.06	3351011.75	33.30
595529.80	3351011.23	19.16
595528.88	3351012.12	50.26
595529.65	3351011.82	49.31
595508.98	3351018.75	23.75
595508.53	3351019.32	46.45
595508.82	3351019.70	24.44
595509.56	3351019.43	23.65
595510.13	3351019.29	27.42
595510.32	3351019.15	23.32
595509.84	3351019.73	46.45
595510.97	3351018.92	23.58
595509.88	3351019.96	60.10
595511.45	3351018.83	28.41
595511.66	3351018.69	24.24
595510.59	3351019.71	60.00
595510.71	3351019.62	57.61
595512.07	3351018.64	30.11
595512.42	3351018.40	23.09
595511.39	3351019.41	59.25
595513.13	3351018.16	24.11
595513.60	3351018.07	28.28
595513.85	3351017.89	23.16
595513.09	3351018.69	53.34
595514.21	3351017.90	31.03
595513.88	3351018.40	52.55
595514.90	3351017.68	32.31
595515.15	3351017.50	27.32
595515.34	3351017.36	23.35
595515.92	3351017.20	25.95
595516.07	3351017.09	22.93
595516.61	3351016.96	26.27
595516.80	3351016.82	22.53
595517.23	3351016.75	27.03
595517.46	3351016.59	22.47
595517.98	3351016.47	26.41
595518.20	3351016.32	22.17
595518.86	3351016.08	22.47
595519.42	3351015.94	25.42
595519.61	3351015.81	21.75
595519.43	3351016.18	39.20
595519.81	3351015.91	31.69
595520.32	3351015.54	21.48
595519.55	3351016.34	50.85
595519.82	3351016.15	45.50
595520.44	3351015.71	33.33
595521.06	3351015.28	21.16
595519.86	3351016.38	58.85
595521.79	3351015.01	21.03
595520.85	3351015.91	52.46
595520.99	3351015.81	49.77
595522.47	3351014.76	20.76
595521.32	3351015.83	57.34
595521.60	3351015.63	52.03
595523.19	3351014.51	20.99
595522.79	3351015.06	43.66
595523.63	3351014.47	27.36
595523.97	3351014.23	20.63
595524.00	3351014.43	32.77
595524.34	3351014.20	26.24
595524.64	3351013.99	20.50
595524.84	3351014.11	31.62
595525.44	3351013.69	20.01
595526.15	3351013.44	20.04
595526.92	3351013.16	19.84
595527.57	3351012.93	19.78
595527.97	3351012.89	25.82
595528.29	3351012.67	19.65
595527.77	3351013.28	43.24
595529.01	3351012.41	19.42
595529.68	3351012.17	19.25
595529.82	3351012.32	30.80
595508.79	3351020.39	26.77
595508.92	3351020.29	24.17
595509.64	3351020.03	23.58
595510.20	3351019.90	27.55
595510.41	3351019.75	23.42
595510.84	3351019.68	27.88
595511.05	3351019.52	23.58
595511.54	3351019.45	29.16
595510.85	3351020.18	56.39
595512.18	3351019.23	29.65
595512.48	3351019.01	23.45
595511.57	3351019.92	56.16
595513.00	3351018.90	27.42
595513.21	3351018.75	23.16
595513.57	3351018.74	30.08
595513.79	3351018.59	25.91
595513.94	3351018.48	22.90
595513.24	3351019.24	51.44
595514.29	3351018.49	30.47
595514.93	3351018.29	32.08
595515.07	3351018.18	29.03
595515.35	3351017.99	23.75
595515.68	3351018.00	31.16
595515.82	3351017.91	28.44
595516.11	3351017.70	22.70
595516.68	3351017.57	26.64
595516.88	3351017.42	22.60
595517.32	3351017.35	27.65
595517.60	3351017.16	22.30
595517.98	3351017.15	29.13
595518.32	3351016.91	22.34
595519.01	3351016.66	22.24
595519.15	3351016.79	32.44
595519.54	3351016.51	24.80
595519.69	3351016.41	21.78
595519.84	3351016.55	32.93
595520.07	3351016.38	28.24
595520.42	3351016.14	21.52
595519.93	3351016.73	44.91
595520.38	3351016.42	36.15
595520.19	3351016.80	53.93
595521.37	3351015.97	30.77
595521.86	3351015.63	21.32
595520.84	3351016.59	54.95
595520.98	3351016.49	52.29
595522.59	3351015.35	20.76
595521.53	3351016.34	54.95
595521.76	3351016.18	50.55
595523.30	3351015.10	20.53
595523.75	3351015.03	25.59
595524.01	3351014.84	20.53
595524.44	3351014.78	25.78
595524.72	3351014.59	20.47
595524.84	3351014.77	33.10
595525.22	3351014.50	25.75
595525.52	3351014.29	19.94
595526.18	3351014.06	20.01
595526.05	3351014.41	37.13
595526.52	3351014.08	27.98
595526.95	3351013.78	19.84
595526.82	3351014.11	35.99
595527.67	3351013.52	19.84
595527.55	3351013.87	36.64
595528.09	3351013.49	26.18
595528.43	3351013.25	19.68
595529.15	3351012.99	19.42
595529.81	3351012.75	19.22
595508.44	3351021.64	23.78
595508.99	3351021.50	27.00
595509.15	3351021.38	23.62
595509.64	3351021.28	27.49
595509.82	3351021.14	23.45
595510.31	3351021.04	27.59
595510.50	3351020.90	23.78
595510.95	3351020.83	28.93
595511.21	3351020.65	23.75
595511.75	3351020.52	27.29
595511.95	3351020.38	23.26
595512.65	3351020.13	23.26
595513.02	3351020.12	30.34
595513.38	3351019.87	23.22
595513.69	3351019.89	30.70
595514.04	3351019.63	23.55
595514.36	3351019.65	31.00
595514.55	3351019.52	27.19
595514.77	3351019.37	22.96
595515.23	3351019.30	28.60
595515.52	3351019.09	22.80
595515.91	3351019.08	29.85
595516.25	3351018.84	23.06
595516.57	3351018.84	29.62
595516.90	3351018.61	23.06
595517.10	3351018.74	34.44
595517.44	3351018.50	27.72
595517.70	3351018.31	22.44
595518.13	3351018.26	28.44
595518.44	3351018.04	22.21
595518.96	3351017.94	26.80
595519.19	3351017.77	22.21
595519.88	3351017.52	21.75
595520.14	3351017.56	29.69
595520.55	3351017.28	21.68
595521.30	3351017.00	21.22
595521.98	3351016.76	21.06
595521.76	3351017.17	40.02
595522.07	3351016.95	33.89
595522.73	3351016.49	21.09
595522.35	3351016.99	41.60
595522.63	3351016.79	36.18
595522.87	3351016.63	31.52
595523.43	3351016.23	20.57
595523.40	3351016.51	35.56
595524.18	3351015.96	20.40
595524.89	3351015.70	20.34
595524.26	3351016.38	45.43
595524.47	3351016.23	41.30
595526.32	3351015.19	20.14
595526.78	3351015.11	25.19
595527.06	3351014.92	19.84
595527.19	3351015.07	30.70
595527.75	3351014.67	19.81
595528.50	3351014.40	19.68
595529.27	3351014.12	19.32
595529.21	3351014.42	34.84
595529.37	3351014.31	31.79
595529.53	3351014.20	28.67
595529.67	3351014.32	38.35
595509.01	3351022.23	23.65
595508.79	3351022.66	42.88
595509.44	3351022.18	29.52
595509.73	3351021.98	23.62
595509.56	3351022.34	40.68
595510.00	3351022.02	31.75
595510.18	3351021.89	28.01
595510.40	3351021.74	23.62
595511.10	3351021.49	24.04
595511.53	3351021.43	28.83
595511.80	3351021.23	23.32
595512.26	3351021.15	28.21
595512.50	3351020.98	23.42
595512.94	3351020.93	29.03
595513.16	3351020.77	24.70
595513.52	3351020.76	31.20
595513.92	3351020.47	23.22
595514.30	3351020.47	30.70
595514.62	3351020.25	24.44
595514.94	3351020.26	31.33
595515.35	3351019.96	22.96
595515.68	3351019.98	30.57
595516.01	3351019.74	24.01
595516.44	3351019.69	29.78
595516.78	3351019.45	22.86
595516.71	3351019.76	38.94
595517.38	3351019.29	25.75
595517.55	3351019.16	22.30
595517.43	3351019.50	38.54
595517.61	3351019.37	34.87
595517.85	3351019.19	30.05
595518.23	3351018.92	22.57
595518.20	3351019.20	37.63
595518.44	3351019.04	32.93
595518.59	3351018.93	30.01
595518.96	3351018.67	22.67
595519.17	3351018.79	33.62
595519.29	3351018.70	31.23
595519.76	3351018.37	22.04
595520.02	3351018.43	30.57
595520.48	3351018.10	21.48
595521.22	3351017.83	21.19
595521.89	3351017.59	21.19
595521.82	3351017.88	36.08
595522.04	3351017.73	31.85
595522.57	3351017.35	21.19
595522.05	3351017.96	45.07
595522.32	3351017.77	39.89
595522.80	3351017.68	44.06
595524.02	3351016.82	20.47
595524.07	3351017.03	33.46
595524.74	3351016.57	20.57
595524.07	3351017.28	47.24
595524.19	3351017.20	44.94
595524.35	3351017.08	41.86
595525.47	3351016.30	20.14
595524.65	3351017.12	49.67
595524.82	3351016.99	46.22
595526.19	3351016.04	20.01
595525.53	3351016.73	45.57
595526.84	3351015.82	20.40
595527.09	3351015.89	29.88
595527.57	3351015.56	20.66
595528.35	3351015.28	20.43
595529.03	3351015.02	19.88
595529.79	3351014.75	19.94
595529.12	3351015.47	46.65
595529.90	3351015.18	45.96
595510.62	3351022.79	29.78
595510.88	3351022.61	24.57
595511.32	3351022.54	29.85
595511.59	3351022.35	24.54
595511.96	3351022.35	31.69
595512.11	3351022.24	28.60
595512.35	3351022.07	23.75
595512.80	3351021.98	27.69
595513.03	3351021.81	23.12
595513.37	3351021.82	30.44
595513.57	3351021.68	26.54
595513.72	3351021.57	23.49
595513.99	3351021.62	31.59
595514.78	3351021.31	30.24
595515.00	3351021.16	25.78
595515.14	3351021.06	23.09
595515.47	3351021.08	30.77
595515.69	3351020.92	26.41
595515.87	3351020.79	22.83
595516.16	3351020.84	31.06
595516.41	3351020.66	26.18
595516.57	3351020.54	22.86
595516.82	3351020.61	31.82
595517.30	3351020.28	22.53
595517.07	3351020.67	39.96
595517.36	3351020.46	34.18
595517.80	3351020.15	25.55
595517.97	3351020.04	22.30
595518.05	3351020.25	35.92
595518.42	3351019.99	28.64
595518.71	3351019.78	22.93
595519.21	3351019.69	27.52
595519.43	3351019.53	23.09
595519.80	3351019.50	28.90
595520.02	3351019.34	24.60
595520.15	3351019.25	21.94
595520.54	3351019.24	29.33
595520.94	3351018.96	21.62
595521.66	3351018.70	21.32
595521.90	3351018.80	31.85
595522.44	3351018.42	21.35
595521.90	3351019.03	44.61
595522.05	3351018.92	41.63
595522.54	3351018.82	45.63
595523.03	3351018.47	36.12
595523.82	3351017.92	20.66
595524.07	3351017.98	29.49
595524.30	3351017.83	25.19
595524.53	3351017.67	20.70
595525.19	3351017.43	20.50
595525.26	3351017.64	34.12
595525.98	3351017.14	20.27
595525.65	3351017.60	39.27
595526.61	3351016.92	20.70
595525.32	3351018.08	60.13
595526.45	3351017.29	38.51
595527.06	3351016.87	26.90
595527.36	3351016.66	21.03
595525.99	3351017.84	60.20
595527.64	3351016.69	28.47
595528.02	3351016.43	21.22
595526.69	3351017.59	59.67
595528.73	3351016.16	20.53
595528.17	3351016.82	46.19
595529.47	3351015.91	21.22
595528.99	3351016.49	43.96
595529.61	3351016.30	45.66
595508.75	3351023.36	23.98
595508.67	3351023.65	38.77
595509.40	3351023.13	24.04
595509.12	3351023.60	44.94
595509.21	3351023.53	42.97
595510.14	3351022.86	24.14
595522.18	3351019.69	48.75
595522.88	3351019.19	35.00
595523.60	3351018.69	20.99
595523.79	3351018.80	31.16
595524.31	3351018.43	20.96
595523.50	3351019.23	49.44
595524.78	3351018.33	24.47
595524.98	3351018.19	20.66
595525.73	3351017.92	20.34
595525.46	3351018.34	38.54
595526.41	3351017.67	20.24
595526.35	3351017.96	35.40
595527.09	3351017.44	20.99
595525.79	3351018.60	59.67
595526.86	3351017.85	39.07
595527.11	3351017.67	34.25
595526.51	3351018.33	59.31
595527.84	3351017.40	33.79
595528.13	3351017.20	28.14
595528.50	3351016.94	21.16
595526.95	3351018.27	64.79
595527.26	3351018.06	58.82
595528.90	3351016.91	27.42
595528.75	3351017.24	42.81
595529.80	3351016.50	22.63
595529.95	3351016.41	19.94
595528.96	3351017.36	53.47
595508.44	3351024.15	23.81
595508.48	3351024.40	38.48
595509.19	3351023.88	23.88
595508.91	3351024.34	43.93
595509.21	3351024.12	37.82
595509.90	3351023.63	23.85
595510.71	3351023.56	36.18
595511.27	3351023.16	24.83
595511.72	3351023.11	31.36
595511.90	3351022.99	27.82
595512.09	3351022.85	24.01
595512.34	3351022.92	33.00
595512.50	3351022.81	29.82
595512.76	3351022.62	24.50
595513.18	3351022.57	30.11
595513.40	3351022.41	25.55
595513.85	3351022.34	30.74
595514.03	3351022.21	27.06
595514.24	3351022.06	22.86
595514.54	3351022.08	29.92
595514.88	3351021.84	23.12
595515.20	3351021.86	31.06
595515.43	3351021.70	26.60
595515.61	3351021.58	22.99
595515.93	3351021.60	30.77
595516.16	3351021.44	26.21
595516.71	3351021.30	29.33
595517.04	3351021.06	22.83
595517.50	3351020.99	27.82
595517.78	3351020.79	22.44
595517.93	3351020.92	32.61
595518.25	3351020.69	26.34
595518.44	3351020.56	22.63
595518.69	3351020.64	32.05
595518.95	3351020.45	26.93
595519.18	3351020.29	22.27
595519.66	3351020.20	26.77
595519.89	3351020.04	22.37
595520.32	3351020.00	28.83
595520.65	3351019.76	22.30
595520.97	3351019.77	28.90
595521.36	3351019.50	21.32
595522.14	3351019.21	21.16
595522.23	3351019.40	33.75
595522.43	3351019.27	29.88
595522.88	3351018.95	21.16
595508.67	3351025.12	23.72
595508.81	3351025.27	35.00
595509.09	3351025.07	29.42
595509.36	3351024.87	23.85
595509.50	3351025.02	35.03
595510.07	3351024.62	23.55
595510.01	3351024.91	39.00
595510.16	3351024.80	35.76
595510.77	3351024.36	23.42
595510.56	3351024.79	43.40
595510.82	3351024.60	38.09
595511.35	3351024.23	27.52
595511.54	3351024.09	23.58
595511.53	3351024.34	37.30
595512.05	3351023.96	26.77
595512.23	3351023.84	23.19
595512.48	3351023.93	33.20
595512.84	3351023.67	25.95
595512.97	3351023.57	23.29
595513.32	3351023.59	30.97
595513.70	3351023.32	23.45
595514.07	3351023.31	30.67
595514.32	3351023.13	25.62
595514.46	3351023.04	22.93
595514.76	3351023.08	31.06
595515.42	3351022.84	30.93
595515.76	3351022.60	24.21
595516.32	3351022.44	27.03
595516.54	3351022.29	22.83
595516.74	3351022.39	32.05
595516.97	3351022.22	27.49
595517.21	3351022.05	22.60
595517.54	3351022.08	30.77
595517.84	3351021.86	24.77
595517.96	3351021.78	22.37
595518.15	3351021.89	32.38
595518.53	3351021.62	24.73
595518.67	3351021.52	22.08
595518.92	3351021.60	31.52
595519.27	3351021.35	24.60
595519.40	3351021.26	21.98
595520.11	3351021.00	22.01
595520.53	3351020.94	26.54
595520.78	3351020.76	21.58
595520.73	3351021.06	37.40
595521.53	3351020.49	21.68
595521.98	3351020.44	27.62
595522.30	3351020.21	21.29
595523.00	3351019.96	21.19
595522.28	3351020.72	49.70
595523.75	3351019.69	21.06
595522.99	3351020.46	49.40
595524.46	3351019.43	20.89
595523.82	3351020.15	48.52
595524.16	3351019.91	41.99
595525.26	3351019.14	20.70
595524.50	3351019.90	48.16
595524.69	3351019.78	44.65
595525.40	3351019.51	44.16
595525.89	3351019.17	34.77
595524.87	3351020.11	67.38
595525.61	3351019.83	66.40
595525.91	3351019.62	60.59
595526.74	3351019.04	44.65
595526.34	3351019.58	66.96
595526.87	3351019.21	56.82
595528.11	3351018.35	33.03
595528.44	3351018.11	26.60
595526.93	3351019.39	68.14
595527.07	3351019.30	65.51
595529.31	3351017.74	22.63
595527.85	3351019.01	64.99
595529.19	3351018.30	52.13
595529.07	3351018.61	67.22
595529.67	3351018.20	55.97
595513.23	3351024.60	24.63
595513.95	3351024.32	23.49
595514.42	3351024.25	28.87
595514.68	3351024.07	23.75
595515.02	3351024.09	31.88
595515.15	3351024.00	29.29
595515.43	3351023.80	23.68
595515.85	3351023.76	29.88
595516.19	3351023.52	23.12
595516.32	3351023.67	34.48
595516.87	3351023.28	23.62
595516.75	3351023.60	39.00
595517.02	3351023.41	33.75
595517.57	3351023.02	22.83
595517.65	3351023.20	34.84
595517.82	3351023.08	31.49
595518.07	3351022.91	26.60
595518.27	3351022.77	22.63
595518.36	3351022.94	34.44
595518.47	3351022.86	32.31
595518.87	3351022.58	24.37
595519.41	3351022.46	28.34
595519.73	3351022.24	22.14
595520.02	3351022.27	30.05
595520.42	3351021.99	22.14
595520.76	3351021.99	29.19
595521.13	3351021.73	21.94
595520.39	3351022.50	50.59
595521.85	3351021.48	22.17
595522.48	3351021.27	22.96
595521.32	3351022.34	59.94
595521.75	3351022.04	51.64
595523.32	3351020.94	21.09
595521.97	3351022.13	61.38
595524.04	3351020.68	21.06
595523.24	3351021.47	49.67
595524.73	3351020.43	20.76
595523.51	3351021.55	59.44
595524.00	3351021.20	49.99
595524.46	3351020.88	41.04
595525.51	3351020.15	20.83
595524.29	3351021.25	58.23
595524.73	3351020.94	49.67
595526.24	3351019.88	20.50
595525.11	3351020.93	56.98
595525.45	3351020.70	50.55
595525.59	3351020.82	60.46
595526.00	3351020.54	52.49
595525.80	3351020.91	69.58
595526.24	3351020.60	61.15
595526.98	3351020.09	47.01
595526.54	3351020.64	69.06
595526.95	3351020.35	61.18
595527.22	3351020.38	68.50
595528.02	3351020.09	67.78
595528.40	3351020.04	73.06
595529.50	3351019.53	66.07
595529.70	3351019.39	62.30
595511.07	3351025.35	23.55
595511.81	3351025.08	23.39
595512.49	3351024.85	24.24
595512.99	3351024.77	29.36
595524.19	3351021.96	57.93
595524.75	3351021.57	47.14
595525.88	3351020.79	25.39
595526.13	3351020.61	20.50
595524.99	3351021.67	57.11
595525.44	3351021.35	48.29
595525.68	3351021.18	43.83
595525.91	3351021.02	39.27
595525.82	3351021.58	69.06
595526.09	3351021.40	64.10
595526.26	3351021.28	60.82
595526.51	3351021.33	68.60
595526.76	3351021.15	63.81
595527.29	3351021.03	67.42
595527.80	3351020.67	57.70
595528.36	3351020.73	72.37
595529.34	3351020.06	53.83
595529.16	3351020.43	71.58
595529.39	3351020.28	67.32
595529.93	3351019.90	57.08
595513.12	3351025.32	24.44
595513.72	3351025.14	26.47
595513.89	3351025.02	23.26
595514.34	3351024.97	29.52
595514.48	3351024.87	26.54
595514.65	3351024.75	23.22
595515.24	3351024.57	24.57
595515.92	3351024.35	26.37
595516.09	3351024.23	22.90
595516.14	3351024.45	36.08
595516.81	3351023.98	22.96
595516.70	3351024.32	39.89
595517.54	3351023.72	23.12
595517.53	3351023.97	37.27
595517.96	3351023.67	28.80
595518.27	3351023.45	22.73
595518.51	3351023.51	30.74
595518.70	3351023.37	26.87
595518.93	3351023.21	22.34
595519.07	3351023.36	33.89
595519.36	3351023.16	28.28
595519.67	3351022.94	22.17
595519.74	3351023.12	33.72
595520.06	3351022.89	27.29
595520.73	3351022.69	29.19
595521.11	3351022.42	21.68
595521.75	3351022.20	22.14
595521.00	3351022.98	51.14
595522.37	3351022.02	24.31
595522.50	3351021.92	21.68
595521.12	3351023.15	62.82
595521.67	3351022.76	52.09
595521.82	3351022.88	61.81
595522.21	3351022.61	54.33
595522.39	3351022.74	65.48
595522.62	3351022.58	61.05
595523.00	3351022.31	53.64
595524.70	3351021.12	20.80
595523.49	3351022.22	57.93
595525.11	3351021.08	26.50
595525.41	3351020.87	20.63
595515.40	3351025.39	22.83
595516.03	3351025.22	25.85
595516.18	3351025.11	22.76
595516.06	3351025.42	38.18
595516.80	3351024.90	23.42
595516.82	3351025.14	37.95
595516.98	3351025.04	35.07
595517.46	3351024.70	25.52
595517.61	3351024.59	22.47
595517.69	3351024.79	35.13
595518.01	3351024.57	28.96
595518.34	3351024.33	22.40
595518.85	3351024.24	27.19
595519.09	3351024.06	22.34
595518.96	3351024.40	38.74
595519.81	3351023.80	22.04
595519.62	3351024.16	38.68
595519.76	3351024.06	35.79
595520.00	3351023.90	31.20
595520.46	3351023.57	22.04
595519.49	3351024.50	55.11
595520.43	3351023.84	36.61
595520.70	3351023.65	31.36
595521.20	3351023.30	21.52
595520.11	3351024.29	55.51
595521.32	3351023.43	31.66
595521.85	3351023.07	21.62
595520.91	3351023.99	55.01
595522.60	3351022.81	22.08
595521.30	3351023.95	60.69
595521.53	3351023.79	56.20
595521.60	3351023.99	68.79
595521.81	3351023.84	64.63
595522.29	3351023.51	55.34
595522.35	3351023.71	67.81
595522.94	3351023.51	68.83
595523.18	3351023.35	64.30
595524.29	3351022.84	57.77
595525.82	3351021.76	28.01
595526.21	3351021.50	20.76
595525.47	3351022.26	48.72
595526.68	3351021.41	25.42
595526.91	3351021.25	20.99
595525.69	3351022.34	57.74
595526.01	3351022.12	51.77
595527.34	3351021.19	26.18
595526.47	3351022.05	57.31
595526.73	3351021.87	52.29
595526.87	3351021.77	49.63
595526.51	3351022.26	69.98
595526.79	3351022.06	64.56
595527.79	3351021.37	45.60
595527.79	3351021.64	60.46
595528.04	3351021.46	55.61
595529.72	3351020.29	23.42
595529.86	3351020.20	20.93
595527.93	3351021.76	70.11
595528.71	3351021.22	55.24
595528.56	3351021.56	71.55
595529.01	3351021.24	62.92
595529.15	3351021.37	72.93
595529.51	3351021.12	66.14
595529.86	3351021.10	72.17
595525.40	3351022.80	21.12
595523.82	3351024.14	64.82
595525.88	3351022.94	38.22
595526.78	3351022.30	20.80
595526.15	3351023.01	47.73
595527.55	3351022.03	20.70
595526.88	3351022.74	47.17
595527.11	3351022.57	42.61
595528.28	3351021.76	20.27
595526.38	3351023.33	70.43
595528.98	3351021.52	20.63
595527.16	3351023.03	69.45
595529.74	3351021.24	20.14
595527.72	3351022.89	72.86
595527.97	3351022.72	68.07
595528.52	3351022.34	57.67
595528.53	3351022.58	71.19
595529.84	3351022.14	72.76
595518.18	3351025.40	22.44
595518.63	3351025.36	29.00
595518.97	3351025.11	22.24
595518.89	3351025.42	37.92
595519.70	3351024.85	21.94
595519.64	3351025.16	38.02
595520.17	3351024.78	27.49
595520.45	3351024.58	21.98
595520.28	3351024.94	38.68
595521.13	3351024.34	22.04
595519.98	3351025.38	57.80
595521.81	3351024.10	22.01
595520.75	3351025.09	56.62
595521.63	3351024.47	39.27
595521.76	3351024.38	36.77
595521.14	3351025.04	61.77
595522.41	3351024.15	36.94
595521.62	3351024.97	67.12
595521.89	3351024.77	61.84
595522.25	3351024.75	67.81
595522.99	3351024.49	67.65
595520.82	3351025.40	21.88
595521.52	3351025.15	22.21
595521.71	3351025.27	32.87
595522.29	3351024.87	21.68
595522.09	3351025.25	39.07
595522.98	3351024.63	21.68
595523.14	3351024.75	31.75
595523.67	3351024.38	21.45
595524.03	3351024.36	28.14
595524.37	3351024.13	21.71
595525.05	3351023.88	21.39
595523.37	3351025.31	68.14
595526.23	3351023.55	26.18
595526.52	3351023.35	20.63
595526.14	3351023.86	42.35
595527.26	3351023.08	20.80
595526.60	3351023.78	46.78
595527.97	3351022.83	20.50
595527.28	3351023.52	45.93
595528.62	3351022.59	20.40
595526.79	3351024.13	70.40
595529.40	3351022.32	20.53
595527.59	3351023.82	69.02
595528.02	3351023.75	73.78
595528.74	3351023.49	73.78
595529.48	3351023.23	73.81
595529.67	3351024.19	72.86
595529.89	3351024.04	68.60
595523.88	3351025.36	22.30
595524.38	3351025.24	25.42
595524.57	3351025.10	21.68
595525.12	3351024.97	24.90
595525.29	3351024.84	21.48
595525.54	3351024.89	29.29
595525.97	3351024.59	21.03
595526.27	3351024.63	29.03
595525.90	3351025.14	50.62
595526.89	3351024.45	31.49
595527.45	3351024.06	20.76
595526.89	3351024.67	44.06
595526.84	3351024.96	59.61
595527.01	3351024.85	56.43
595527.90	3351024.23	39.46
595528.89	3351023.54	20.43
595528.26	3351024.20	44.98
595528.44	3351024.08	41.56
595529.54	3351023.31	20.47
595528.26	3351024.68	72.37
595528.95	3351024.45	72.96
595529.67	3351023.95	59.31
595524.94	3351025.42	21.78
595525.65	3351025.16	21.35
595525.94	3351025.18	28.28
595526.31	3351024.92	21.09
595527.27	3351025.20	56.59
595527.74	3351024.88	47.70
595527.95	3351024.73	43.70
595529.64	3351023.80	25.26
595529.89	3351023.63	20.34
595528.56	3351025.02	72.11
595529.31	3351024.76	72.34
595529.99	3351024.28	59.31
595529.88	3351024.60	74.90
595529.55	3351025.10	20.40
