595528.71	3352529.71	45.50
595529.52	3352529.20	29.95
595529.05	3352529.67	51.50
595529.16	3352529.60	49.40
595529.41	3352529.44	44.52
595529.95	3352529.29	47.67
595529.07	3352529.22	45.17
595529.89	3352528.71	29.69
595529.45	3352529.18	51.64
595524.70	3352529.78	30.21
595525.19	3352529.85	48.19
595528.82	3352528.52	47.11
595529.71	3352527.97	30.11
595529.85	3352528.25	54.52
595522.86	3352529.94	50.19
595523.41	3352529.78	52.98
595523.63	3352529.64	48.78
595524.75	3352529.31	54.10
595524.95	3352529.19	50.32
595524.48	3352529.86	86.67
595526.44	3352528.63	49.11
595525.18	3352529.62	87.46
595525.45	3352529.45	82.31
595526.11	3352529.21	82.08
595527.56	3352528.29	54.19
595529.62	3352527.21	29.78
595529.07	3352527.74	54.00
595529.26	3352527.62	50.39
595529.41	3352527.53	47.60
595529.68	3352527.56	56.46
595529.94	3352527.40	51.70
595520.41	3352529.74	30.21
595520.45	3352529.90	42.68
595521.07	3352529.50	30.21
595520.67	3352529.94	51.34
595520.93	3352529.78	46.22
595521.18	3352529.61	41.24
595521.75	3352529.26	30.21
595521.40	3352529.68	51.67
595522.06	3352529.44	51.50
595522.26	3352529.31	47.60
595522.20	3352529.56	63.74
595522.78	3352529.19	52.46
595523.55	3352528.88	50.22
595524.32	3352528.57	48.35
595525.26	3352527.98	30.44
595523.06	3352529.57	87.33
595524.69	3352528.54	55.93
595523.69	3352529.36	88.68
595524.21	3352529.04	78.77
595524.43	3352528.90	74.50
595524.42	3352529.09	88.45
595526.36	3352527.87	51.04
595525.43	3352528.64	82.41
595528.17	3352526.92	29.85
595527.81	3352527.34	51.27
595528.19	3352527.10	43.96
595528.10	3352527.35	59.25
595528.57	3352527.05	50.03
595529.21	3352526.84	51.67
595529.40	3352526.72	48.16
595529.89	3352526.41	38.77
595518.82	3352529.53	30.34
595518.84	3352529.89	56.69
595519.07	3352529.74	52.19
595519.47	3352529.69	59.41
595519.68	3352529.56	55.44
595519.86	3352529.45	51.96
595520.27	3352529.36	56.33
595521.32	3352529.08	63.74
595522.06	3352528.62	49.70
595520.76	3352529.62	87.49
595521.82	3352528.94	66.86
595521.95	3352528.86	64.36
595522.21	3352528.70	59.38
595522.54	3352528.49	52.98
595521.52	3352529.34	87.56
595523.60	3352528.02	47.17
595522.02	3352529.21	91.40
595525.18	3352527.22	30.21
595522.69	3352528.98	92.02
595523.31	3352528.59	80.08
595524.07	3352528.28	78.57
595524.32	3352528.13	73.78
595526.06	3352527.24	55.05
595526.31	3352527.08	50.32
595527.37	3352526.42	29.95
595526.96	3352526.87	52.23
595527.25	3352526.69	46.65
595528.11	3352526.15	30.15
595527.37	3352526.79	56.92
595527.65	3352526.61	51.57
595528.07	3352526.34	43.37
595528.76	3352525.91	30.28
595527.98	3352526.59	58.62
595528.36	3352526.35	51.47
595529.82	3352525.60	35.76
595517.49	3352529.74	45.27
595518.23	3352529.27	30.64
595517.61	3352529.85	56.43
595517.94	3352529.64	50.06
595518.26	3352529.63	57.93
595518.69	3352529.35	49.31
595518.88	3352529.42	59.18
595519.21	3352529.21	52.52
595519.48	3352529.04	47.24
595519.57	3352529.18	59.77
595519.72	3352529.09	57.11
595518.86	3352529.82	87.20
595520.46	3352528.80	55.90
595519.55	3352529.56	86.97
595521.30	3352528.46	52.85
595521.69	3352528.40	58.95
595522.28	3352528.02	47.40
595523.16	3352527.47	30.21
595521.88	3352528.48	70.20
595522.09	3352528.35	66.10
595523.07	3352527.73	46.91
595523.93	3352527.19	30.34
595521.44	3352528.94	91.69
595524.61	3352526.94	30.24
595522.18	3352528.67	91.53
595522.93	3352528.19	76.96
595522.90	3352528.40	91.40
595517.07	3352529.99	53.24
595517.26	3352529.88	49.63
595515.35	3352529.66	52.06
595515.50	3352529.57	49.14
595515.73	3352529.42	44.58
595515.95	3352529.48	54.42
595523.62	3352527.95	77.39
595523.72	3352528.08	89.53
595524.02	3352527.89	83.75
595524.48	3352527.61	75.03
595524.88	3352527.35	67.22
595526.22	3352526.70	55.05
595526.44	3352526.56	50.75
595525.39	3352527.39	83.43
595526.82	3352526.49	56.03
595526.95	3352526.41	53.57
595527.41	3352526.31	58.10
595527.59	3352526.19	54.65
595528.14	3352526.02	56.92
595529.30	3352525.49	48.72
595516.15	3352529.35	50.42
595516.41	3352529.18	45.34
595516.59	3352529.27	56.00
595516.84	3352529.11	51.01
595517.17	3352528.89	44.42
595517.48	3352528.89	51.93
595517.96	3352528.78	56.65
595518.30	3352528.56	50.03
595518.81	3352528.24	39.89
595519.29	3352527.93	30.51
595518.46	3352528.64	59.67
595518.63	3352528.53	56.39
595519.29	3352528.30	57.61
595518.57	3352528.95	85.43
595520.03	3352528.03	56.92
595520.26	3352527.88	52.46
595520.53	3352527.71	47.14
595519.41	3352528.62	83.66
595520.16	3352528.33	82.05
595520.28	3352528.45	93.89
595520.90	3352528.05	81.82
595520.95	3352528.22	95.11
595521.57	3352528.01	96.91
595521.74	3352527.91	93.73
595522.01	3352527.74	88.58
595524.17	3352526.38	46.75
595525.04	3352525.83	30.01
595522.44	3352527.66	93.66
595523.07	3352527.26	81.52
595523.05	3352527.44	94.15
595523.29	3352527.29	89.63
595523.93	3352527.07	90.68
595524.96	3352526.61	84.12
595526.65	3352525.55	51.60
595512.11	3352529.96	59.67
595512.32	3352529.82	55.31
595512.87	3352529.65	57.34
595513.61	3352529.37	56.85
595514.30	3352529.12	56.59
595514.89	3352528.94	59.05
595515.14	3352528.78	54.00
595515.35	3352528.64	49.83
595515.59	3352528.49	45.14
595516.32	3352528.03	30.64
595515.89	3352528.49	52.82
595516.14	3352528.33	47.96
595516.66	3352528.19	51.54
595516.84	3352528.08	48.16
595517.72	3352527.53	30.97
595517.38	3352527.93	51.57
595518.14	3352527.62	49.44
595519.11	3352527.01	30.51
595517.29	3352528.36	80.54
595519.56	3352527.12	50.65
595519.81	3352526.97	45.83
595520.29	3352526.83	49.01
595520.89	3352526.66	52.49
595521.10	3352526.53	48.45
595522.02	3352525.95	30.47
595521.63	3352526.39	51.86
595521.98	3352526.16	45.01
595522.75	3352525.68	30.18
595521.31	3352526.79	72.63
595520.77	3352527.30	95.70
595521.37	3352527.11	97.57
595522.09	3352526.84	97.04
595522.19	3352526.78	95.17
595522.29	3352526.71	93.11
595522.95	3352526.47	92.88
595511.62	3352529.66	56.46
595512.16	3352529.50	59.54
595512.35	3352529.38	55.74
595512.92	3352529.20	57.64
595512.17	3352529.87	86.97
595514.32	3352528.70	58.26
595515.00	3352528.45	58.49
595515.30	3352528.26	52.62
595515.67	3352528.03	45.20
595516.00	3352528.01	52.75
595516.25	3352527.85	47.83
595516.63	3352527.79	53.14
595516.89	3352527.62	48.03
595515.64	3352528.62	87.46
595517.42	3352527.49	52.52
595516.42	3352528.33	86.90
595519.02	3352526.85	48.29
595519.32	3352526.65	42.12
595519.91	3352526.28	30.74
595517.79	3352527.83	87.40
595519.62	3352526.68	51.57
595519.89	3352526.51	46.29
595518.47	3352527.59	87.76
595519.07	3352527.41	90.71
595521.82	3352525.85	50.03
595522.07	3352525.69	45.04
595520.59	3352526.81	87.27
595520.77	3352526.88	97.14
595521.39	3352526.66	97.63
595523.01	3352526.02	93.63
595508.04	3352529.95	51.57
595509.13	3352529.64	57.74
595509.69	3352529.28	46.55
595509.86	3352529.17	43.04
595509.79	3352529.40	58.20
595510.11	3352529.20	51.80
595510.38	3352529.22	60.17
595510.78	3352528.96	52.00
595510.90	3352528.88	49.60
595511.15	3352528.72	44.65
595511.32	3352528.80	54.59
595511.54	3352528.66	50.26
595511.68	3352528.57	47.37
595512.49	3352528.05	31.23
595511.88	3352528.65	58.49
595512.26	3352528.41	50.98
595512.79	3352528.24	52.98
595512.96	3352528.13	49.60
595512.78	3352528.46	68.40
595513.28	3352528.13	58.36
595513.57	3352527.95	52.59
595513.31	3352528.31	71.55
595514.30	3352527.67	51.73
595513.38	3352528.45	83.59
595515.32	3352527.21	44.94
595514.02	3352528.23	85.30
595516.02	3352526.97	45.80
595516.28	3352526.99	54.33
595516.55	3352526.82	49.08
595515.31	3352527.80	87.79
595515.64	3352527.59	81.23
595517.61	3352526.34	42.38
595517.73	3352526.26	39.86
595515.93	3352527.60	89.69
595516.19	3352527.43	84.38
595517.89	3352526.35	50.91
595518.16	3352526.18	45.63
595518.34	3352526.07	42.09
595518.50	3352526.16	53.41
595518.71	3352526.04	49.40
595518.98	3352525.86	44.09
595519.18	3352525.93	54.36
595518.10	3352526.80	88.77
595519.43	3352526.32	89.14
595519.88	3352526.21	93.76
595520.54	3352525.99	94.94
595521.14	3352525.79	96.29
595521.32	3352525.67	92.55
595507.12	3352529.57	51.73
595507.24	3352529.50	49.37
595507.93	3352529.25	49.44
595508.60	3352529.01	49.83
595508.76	3352528.90	46.52
595507.85	3352529.68	78.77
595508.28	3352529.58	82.90
595509.90	3352528.54	50.16
595509.06	3352529.29	82.54
595510.54	3352528.34	52.69
595510.68	3352528.25	49.90
595509.60	3352529.12	85.03
595510.37	3352528.83	84.41
595511.92	3352527.84	53.21
595510.96	3352528.64	85.92
595513.10	3352527.45	56.03
595513.29	3352527.33	52.29
595513.89	3352527.16	55.77
595513.18	3352527.81	83.95
595515.09	3352526.59	45.93
595515.79	3352526.33	45.80
595514.68	3352527.23	82.08
595516.94	3352525.80	37.33
595517.28	3352525.58	30.57
595515.09	3352527.17	88.45
595515.78	3352526.93	89.27
595517.66	3352525.74	52.16
595516.27	3352526.80	92.61
595517.07	3352526.48	90.58
595518.46	3352525.95	89.43
595519.21	3352525.68	89.43
595503.00	3352529.90	43.07
595503.61	3352529.50	30.47
595503.50	3352529.77	47.34
595503.85	3352529.74	54.36
595504.05	3352529.61	50.22
595504.15	3352529.97	78.77
595504.38	3352529.82	74.14
595505.32	3352529.21	54.75
595504.76	3352529.76	79.78
595505.74	3352529.13	59.77
595505.41	3352529.53	80.70
595506.03	3352529.31	81.13
595507.40	3352528.43	53.21
595506.72	3352529.07	81.62
595506.96	3352528.92	76.93
595508.10	3352528.19	53.70
595508.40	3352527.99	47.63
595507.26	3352528.92	84.84
595508.97	3352527.82	50.36
595507.96	3352528.65	84.38
595509.60	3352527.61	51.34
595508.57	3352528.47	87.13
595510.32	3352527.35	51.77
595510.54	3352527.21	47.34
595509.21	3352528.24	87.13
595509.45	3352528.08	82.31
595510.88	3352527.17	53.44
595510.11	3352527.86	83.53
595511.63	3352526.89	52.91
595511.86	3352526.74	48.39
595510.82	3352527.60	83.36
595512.10	3352526.78	57.64
595512.88	3352526.49	56.98
595513.52	3352526.26	57.41
595513.79	3352526.08	51.86
595514.51	3352525.83	52.49
595514.68	3352525.72	49.04
595515.13	3352525.64	55.01
595514.22	3352526.41	87.17
595514.76	3352526.25	89.99
595515.02	3352526.08	84.77
595515.28	3352526.10	92.55
595515.98	3352525.85	92.84
595516.25	3352525.68	87.49
595516.61	3352525.63	93.70
595501.89	3352529.85	48.68
595502.19	3352529.65	42.35
595502.75	3352529.29	30.74
595502.46	3352529.69	52.32
595502.63	3352529.58	48.88
595502.89	3352529.42	43.50
595503.50	3352529.02	30.77
595503.35	3352529.31	48.32
595503.50	3352529.22	45.30
595503.98	3352529.12	50.91
595504.15	3352529.01	47.47
595504.36	3352528.87	43.04
595504.74	3352528.63	35.43
595504.95	3352528.49	31.00
595503.20	3352529.80	80.34
595504.60	3352528.90	51.50
595504.19	3352529.36	74.44
595505.10	3352528.78	55.77
595505.23	3352528.69	53.05
595504.84	3352529.13	74.77
595505.48	3352528.72	61.61
595505.60	3352528.64	59.21
595505.90	3352528.45	53.01
595505.29	3352529.02	79.03
595506.09	3352528.51	62.69
595505.97	3352528.80	80.51
595506.72	3352528.50	78.37
595507.95	3352527.70	53.28
595507.21	3352528.39	83.75
595508.74	3352527.41	52.85
595508.92	3352527.29	49.21
595507.94	3352528.10	82.02
595509.46	3352527.12	51.21
595508.32	3352528.04	88.32
595508.74	3352527.78	80.05
595510.01	3352526.97	54.46
595509.03	3352527.79	88.84
595509.34	3352527.60	82.64
595511.18	3352526.42	45.60
595510.03	3352527.35	82.90
595511.44	3352526.45	54.59
595511.68	3352526.30	49.80
595510.72	3352527.10	83.13
595512.07	3352526.24	56.10
595512.39	3352526.03	49.60
595513.74	3352525.57	51.86
595513.40	3352526.17	86.81
595514.20	3352525.84	84.25
595514.52	3352525.81	90.58
595515.16	3352525.60	91.86
595515.39	3352525.46	87.40
595503.43	3352528.62	52.32
595503.63	3352528.49	48.12
595504.27	3352528.26	48.75
595504.50	3352528.12	44.06
595504.63	3352528.04	41.46
595503.44	3352528.99	79.75
595504.68	3352528.19	54.39
595504.87	3352528.07	50.49
595504.49	3352528.52	73.42
595505.22	3352528.05	58.49
595505.35	3352527.97	55.77
595505.07	3352528.34	75.59
595505.85	3352527.83	59.51
595505.76	3352528.09	75.62
595506.70	3352527.49	56.46
595506.82	3352527.40	53.67
595507.39	3352527.23	56.33
595507.60	3352527.10	52.16
595506.69	3352527.87	84.44
595507.34	3352527.65	86.25
595509.07	3352526.55	51.21
595507.90	3352527.49	89.17
595509.64	3352526.37	53.96
595508.46	3352527.31	91.07
595509.31	3352526.98	89.63
595509.57	3352526.81	84.25
595510.22	3352526.59	85.53
595500.01	3352529.83	49.63
595500.24	3352529.69	44.91
595500.74	3352529.56	49.57
595500.89	3352529.47	46.52
595501.05	3352529.36	43.17
595501.38	3352529.36	51.96
595501.81	3352529.29	57.80
595501.99	3352529.17	54.00
595502.80	3352528.84	51.60
595503.07	3352528.66	45.96
595503.26	3352528.54	42.02
595500.55	3352528.37	30.61
595500.32	3352528.71	50.09
595500.96	3352528.49	50.98
595501.46	3352528.37	55.11
595502.12	3352528.13	55.08
595502.37	3352527.97	49.93
595502.79	3352527.89	55.67
595503.00	3352527.76	51.41
595503.25	3352527.59	46.12
595503.46	3352527.66	56.56
595503.63	3352527.55	53.08
595503.76	3352527.46	50.26
595504.17	3352527.39	55.67
595504.32	3352527.29	52.59
595505.02	3352527.04	53.34
595505.24	3352526.91	49.04
595505.46	3352526.76	44.32
595505.50	3352526.93	57.67
595505.70	3352526.80	53.70
595506.02	3352526.60	47.21
595506.13	3352526.72	58.89
595506.30	3352526.61	55.47
595506.49	3352526.48	51.54
595505.69	3352527.19	81.92
595507.02	3352526.34	54.75
595507.21	3352526.21	50.82
595506.32	3352527.00	84.48
595507.85	3352526.01	53.28
595507.02	3352526.73	83.69
595508.69	3352525.66	49.83
595507.54	3352526.60	88.12
595509.26	3352525.50	53.41
595508.13	3352526.42	90.55
595508.87	3352526.14	90.22
595509.87	3352525.70	84.35
595510.42	3352525.52	86.15
595500.07	3352527.93	46.09
595500.21	3352527.85	43.40
595500.82	3352527.46	30.83
595500.64	3352527.77	49.14
595500.97	3352527.56	42.42
595501.53	3352527.20	30.77
595501.15	3352527.62	51.90
595501.75	3352527.45	55.24
595502.32	3352527.27	57.44
595502.53	3352527.13	53.11
595502.69	3352527.03	49.83
595503.14	3352526.93	54.95
595503.35	3352526.80	50.75
595503.62	3352526.63	45.07
595503.92	3352526.63	53.47
595504.42	3352526.49	56.52
595505.14	3352526.23	57.21
595505.28	3352526.15	54.49
595505.85	3352525.98	57.18
595506.00	3352525.88	54.10
595506.47	3352525.77	58.53
595506.66	3352525.65	54.62
595505.97	3352526.30	83.95
595506.57	3352526.10	85.79
595507.54	3352525.69	81.62
595507.72	3352525.57	77.82
595507.81	3352525.70	89.27
595507.98	3352525.59	85.79
595500.38	3352527.08	35.56
595500.62	3352526.93	30.67
595500.18	3352527.80	83.46
595500.77	3352527.62	85.79
595503.43	3352525.90	30.64
595503.03	3352526.35	52.95
595503.14	3352526.28	50.59
595503.74	3352526.09	53.18
595503.90	3352525.99	49.83
595504.40	3352525.88	55.01
595504.54	3352525.79	52.19
595504.66	3352525.71	49.67
595505.10	3352525.60	53.70
595505.65	3352525.46	58.16
595506.51	3352525.50	83.75
595500.48	3352526.50	52.55
595500.82	3352526.28	45.47
595501.26	3352526.18	49.96
595500.34	3352526.99	85.03
595502.00	3352525.92	50.59
595502.18	3352525.80	46.85
595503.32	3352525.46	52.26
595500.32	3352525.87	59.12
595500.71	3352525.63	51.31
595529.24	3352525.33	35.89
595529.55	3352525.14	29.95
595529.86	3352525.14	38.02
595529.91	3352525.29	50.42
595526.87	3352525.41	47.44
595527.26	3352525.36	54.16
595527.84	3352524.99	43.01
595528.04	3352524.87	39.10
595528.52	3352524.57	29.92
595528.23	3352524.93	48.52
595528.46	3352524.78	44.22
595529.20	3352524.32	29.98
595528.86	3352524.71	49.80
595529.19	3352524.51	43.53
595529.89	3352524.07	30.24
595529.52	3352524.49	50.98
595529.67	3352524.40	48.09
595529.95	3352524.22	42.91
595525.72	3352524.93	54.06
595525.94	3352524.79	49.93
595526.53	3352524.59	51.01
595527.10	3352524.44	54.78
595527.59	3352524.13	45.27
595528.40	3352523.62	29.98
595528.20	3352523.92	46.55
595529.07	3352523.38	29.95
595528.76	3352523.74	48.42
595528.99	3352523.60	44.19
595529.15	3352523.50	41.07
595529.74	3352523.14	30.05
595529.75	3352523.32	44.09
595522.80	3352525.23	30.87
595526.05	3352524.30	49.54
595526.30	3352524.15	44.68
595526.85	3352523.98	46.88
595527.24	3352523.73	39.43
595527.54	3352523.72	46.29
595528.11	3352523.36	35.49
595528.39	3352523.18	29.98
595528.13	3352523.55	49.93
595528.26	3352523.47	47.50
595528.42	3352523.37	44.48
595528.75	3352523.16	38.05
595529.17	3352522.91	30.21
595529.14	3352523.11	44.19
595529.32	3352522.99	40.64
595529.89	3352522.64	29.92
595529.70	3352522.94	46.81
595521.93	3352524.92	53.96
595522.27	3352525.27	88.54
595522.48	3352525.15	84.61
595524.31	3352523.99	49.14
595522.87	3352525.08	89.99
595523.10	3352524.93	85.46
595524.97	3352523.76	49.44
595523.77	3352524.70	86.15
595525.60	3352523.54	50.78
595525.81	3352523.41	46.75
595526.46	3352523.18	47.57
595526.68	3352523.05	43.43
595526.95	3352522.88	38.22
595527.46	3352522.76	42.88
595527.71	3352522.60	37.99
595528.12	3352522.34	30.11
595528.09	3352522.55	44.12
595528.84	3352522.07	29.65
595526.87	3352523.50	81.52
595528.81	3352522.29	44.55
595529.03	3352522.15	40.32
595518.97	3352525.27	53.28
595519.45	3352525.15	56.75
595519.70	3352524.99	51.80
595519.99	3352524.80	46.12
595521.47	3352524.05	30.54
595520.93	3352524.60	55.87
595521.13	3352524.47	52.03
595521.65	3352524.33	55.21
595521.77	3352524.25	52.82
595529.57	3352521.81	29.88
595527.59	3352523.25	81.95
595529.77	3352521.89	40.55
595528.30	3352522.99	81.69
595528.61	3352522.79	75.78
595529.26	3352522.57	76.90
595529.87	3352522.36	77.98
595520.47	3352525.26	92.35
595522.25	3352524.15	57.87
595521.05	3352525.07	93.43
595521.66	3352524.69	81.72
595521.84	3352524.76	92.02
595522.00	3352524.66	88.94
595523.69	3352523.60	56.29
595522.79	3352524.36	87.69
595524.77	3352523.11	49.34
595523.52	3352524.09	87.66
595525.77	3352522.85	57.05
595526.12	3352522.63	50.36
595526.26	3352522.54	47.70
595526.40	3352522.64	58.69
595527.18	3352522.16	43.79
595527.35	3352522.05	40.51
595527.95	3352521.87	43.83
595528.40	3352521.59	35.17
595528.67	3352521.42	30.08
595526.69	3352522.85	81.65
595527.32	3352522.63	82.64
595529.14	3352521.50	48.12
595529.31	3352521.39	44.94
595528.19	3352522.26	78.67
595528.65	3352522.15	82.80
595528.91	3352521.99	77.85
595529.32	3352521.91	83.26
595516.66	3352524.86	38.77
595517.37	3352525.34	92.68
595518.25	3352524.97	89.07
595520.05	3352523.83	53.70
595519.03	3352524.67	87.46
595520.73	3352523.59	54.19
595521.37	3352523.38	55.67
595521.55	3352523.26	52.03
595522.12	3352523.08	53.93
595522.30	3352522.96	50.26
595522.75	3352522.88	55.97
595521.74	3352523.71	89.92
595522.14	3352523.46	82.11
595523.59	3352522.55	54.13
595523.89	3352522.36	48.29
595522.47	3352523.42	88.28
595523.88	3352522.53	60.99
595524.15	3352522.36	55.83
595524.78	3352522.17	58.59
595525.15	3352521.94	51.47
595525.49	3352521.72	44.81
595525.70	3352521.78	54.52
595526.07	3352521.55	47.37
595526.19	3352521.47	45.11
595526.57	3352521.24	37.82
595526.13	3352521.71	60.69
595526.32	3352521.58	56.82
595526.89	3352521.40	58.43
595527.85	3352520.80	39.99
595528.32	3352520.69	44.52
595528.60	3352520.51	39.23
595529.07	3352520.22	30.24
595526.92	3352521.75	84.57
595527.52	3352521.54	85.62
595528.23	3352521.29	86.22
595528.46	3352521.15	81.92
595514.44	3352525.32	51.90
595515.04	3352525.13	54.10
595516.89	3352524.31	43.63
595515.81	3352525.37	92.78
595516.49	3352525.14	93.50
595518.05	3352524.51	89.59
595518.32	3352524.35	84.38
595519.88	3352523.36	53.93
595520.07	3352523.23	49.93
595518.89	3352524.17	87.00
595520.52	3352523.14	55.05
595520.68	3352523.04	52.00
595521.23	3352522.88	54.88
595521.46	3352522.74	50.45
595520.96	3352523.26	75.32
595522.07	3352522.56	53.57
595521.57	3352523.05	76.04
595522.59	3352522.40	56.20
595521.99	3352522.98	82.34
595523.23	3352522.20	58.33
595523.51	3352522.02	52.98
595523.77	3352522.05	61.77
595524.12	3352521.83	55.01
595524.68	3352521.67	58.10
595526.13	3352520.94	43.89
595526.45	3352520.75	37.82
595526.13	3352521.11	56.36
595526.91	3352520.63	41.40
595527.05	3352520.54	38.74
595527.50	3352520.26	30.18
595526.76	3352520.90	57.80
595527.57	3352520.40	42.25
595527.98	3352520.31	46.75
595528.16	3352520.19	43.27
595526.84	3352521.22	83.16
595527.11	3352521.05	78.05
595528.86	3352519.96	44.52
595527.43	3352521.03	85.13
595528.09	3352520.80	85.99
595528.29	3352520.68	82.18
595512.16	3352525.35	46.45
595512.71	3352525.21	50.42
595513.04	3352525.00	43.83
595513.41	3352524.94	49.77
595513.66	3352524.78	44.75
595513.86	3352524.65	40.71
595514.04	3352524.73	50.78
595514.30	3352524.56	45.63
595514.50	3352524.43	41.60
595514.82	3352524.42	49.14
595515.01	3352524.30	45.27
595515.73	3352523.84	31.10
595513.52	3352525.42	87.86
595515.45	3352524.19	49.54
595514.28	3352525.14	87.63
595516.15	3352523.96	50.65
595514.96	3352524.89	87.20
595516.81	3352523.71	50.52
595516.98	3352523.60	47.11
595517.20	3352523.47	42.88
595515.46	3352524.77	91.79
595517.67	3352523.36	48.09
595516.13	3352524.53	92.02
595518.44	3352523.06	46.35
595516.81	3352524.27	91.76
595518.88	3352522.96	50.98
595517.57	3352523.99	91.46
595518.49	3352523.59	86.94
595520.28	3352522.46	51.90
595519.18	3352523.34	87.00
595520.61	3352522.44	59.05
595520.89	3352522.26	53.54
595521.26	3352522.23	60.85
595521.54	3352522.05	55.47
595521.16	3352522.49	77.23
595522.20	3352521.83	56.95
595522.47	3352521.66	51.73
595522.78	3352521.65	59.57
595523.02	3352521.50	54.95
595523.41	3352521.26	47.37
595523.38	3352521.45	60.76
595523.59	3352521.32	56.75
595523.99	3352521.26	62.89
595524.19	3352521.13	59.02
595524.51	3352520.93	52.65
595523.66	3352521.64	81.85
595524.81	3352520.91	59.64
595526.37	3352520.12	42.91
595526.67	3352519.93	37.17
595527.00	3352519.73	30.90
595527.22	3352519.78	40.61
595527.72	3352519.64	43.96
595526.61	3352520.53	79.59
595511.28	3352524.80	55.93
595511.47	3352524.68	52.13
595511.62	3352524.58	48.98
595512.20	3352524.39	50.62
595512.74	3352524.23	53.67
595512.91	3352524.12	50.26
595513.07	3352524.02	47.14
595513.37	3352524.01	54.33
595513.55	3352523.90	50.85
595513.73	3352523.78	47.21
595514.31	3352523.61	50.13
595513.31	3352524.44	83.95
595514.97	3352523.38	50.95
595514.05	3352524.16	83.26
595515.56	3352523.19	53.14
595514.50	3352524.06	88.09
595514.73	3352523.91	83.46
595516.36	3352522.88	51.31
595515.02	3352523.90	90.74
595515.63	3352523.52	78.74
595515.70	3352523.67	91.79
595516.54	3352523.34	89.66
595516.76	3352523.20	85.36
595517.07	3352523.00	79.06
595518.79	3352521.91	45.24
595527.17	3352520.36	81.65
595528.81	3352519.33	50.36
595529.62	3352519.01	48.22
595517.39	3352522.98	86.44
595519.18	3352521.85	51.31
595519.59	3352521.79	57.80
595519.93	3352521.58	51.08
595520.20	3352521.41	45.93
595520.39	3352521.28	42.06
595520.32	3352521.52	57.31
595520.59	3352521.35	51.96
595521.01	3352521.08	43.83
595520.85	3352521.39	61.94
595521.05	3352521.26	57.97
595521.52	3352521.14	61.90
595521.70	3352521.03	58.30
595521.95	3352520.87	53.54
595521.30	3352521.46	79.39
595522.17	3352520.91	62.40
595522.38	3352520.78	58.30
595522.72	3352520.57	51.70
595521.94	3352521.23	79.72
595523.00	3352520.57	59.25
595523.57	3352520.20	48.03
595522.52	3352521.04	81.33
595524.17	3352520.00	49.24
595523.10	3352520.88	85.07
595523.20	3352520.82	82.97
595523.81	3352520.61	83.92
595525.97	3352519.25	42.32
595524.76	3352520.21	79.95
595527.24	3352518.82	44.98
595527.43	3352518.71	41.43
595528.02	3352518.34	30.15
595527.80	3352518.66	47.44
595528.70	3352518.09	30.08
595528.70	3352518.29	44.65
595529.23	3352518.14	48.16
595529.50	3352517.97	43.01
595528.94	3352518.69	80.61
595529.37	3352518.61	86.25
595529.80	3352518.34	78.08
595529.97	3352518.24	74.83
595507.52	3352525.30	52.32
595508.17	3352525.07	53.24
595509.48	3352524.63	55.44
595508.66	3352525.34	86.05
595510.25	3352524.33	54.00
595517.27	3352523.06	88.91
595509.32	3352525.10	86.05
595510.74	3352524.19	57.31
595510.16	3352524.75	82.41
595511.57	3352523.84	54.03
595511.79	3352523.70	49.60
595512.07	3352523.52	43.76
595510.97	3352524.44	81.52
595512.41	3352523.52	52.82
595511.60	3352524.21	81.79
595512.97	3352523.34	54.49
595513.72	3352523.06	54.46
595513.87	3352522.97	51.41
595514.53	3352522.72	51.18
595514.64	3352522.65	48.91
595514.91	3352522.48	43.66
595513.78	3352523.39	80.08
595515.16	3352522.51	52.55
595514.54	3352523.11	79.72
595515.77	3352522.33	55.31
595516.00	3352522.18	50.82
595514.77	3352523.15	89.17
595515.02	3352522.99	84.15
595515.22	3352522.87	80.18
595515.31	3352523.00	92.19
595515.45	3352522.91	89.40
595516.10	3352522.69	90.38
595518.29	3352521.29	47.14
595517.00	3352522.32	87.56
595518.99	3352521.06	48.55
595519.10	3352520.99	46.29
595519.26	3352520.88	43.11
595519.38	3352521.00	54.69
595519.65	3352520.83	49.47
595519.91	3352520.67	44.42
595519.87	3352520.87	58.53
595520.02	3352520.78	55.57
595520.44	3352520.51	47.24
595520.48	3352520.67	60.17
595520.71	3352520.53	55.80
595521.09	3352520.29	48.32
595521.20	3352520.39	58.69
595521.35	3352520.30	55.83
595521.87	3352519.97	45.73
595520.85	3352520.80	79.36
595521.21	3352520.57	72.44
595521.72	3352520.25	62.56
595521.57	3352520.53	78.96
595522.73	3352519.80	56.56
595522.96	3352519.66	52.06
595522.36	3352520.22	77.19
595523.41	3352519.56	56.88
595523.88	3352519.26	47.70
595522.74	3352520.17	83.79
595523.00	3352520.01	78.77
595524.49	3352519.07	49.83
595523.41	3352519.92	83.66
595525.23	3352518.78	48.58
595525.63	3352518.53	40.81
595524.21	3352519.61	81.98
595527.04	3352518.02	41.10
595527.60	3352517.67	30.38
595527.36	3352518.02	49.44
595527.60	3352517.86	44.71
595528.21	3352517.65	45.57
595529.02	3352517.14	30.01
595528.94	3352517.39	46.35
595529.25	3352517.20	40.38
595529.26	3352517.39	54.26
595529.87	3352517.00	42.55
595529.51	3352517.41	63.05
595529.52	3352517.59	76.01
595529.65	3352517.67	85.85
595523.12	3352518.93	46.42
595522.23	3352519.66	76.18
595522.53	3352519.46	70.27
595522.69	3352519.37	67.25
595523.64	3352518.77	48.81
595522.50	3352519.67	84.54
595523.19	3352519.42	84.57
595524.05	3352519.08	82.84
595524.66	3352518.88	84.18
595524.82	3352518.77	80.80
595527.22	3352517.46	48.55
595527.39	3352517.35	45.24
595527.72	3352517.14	38.87
595528.17	3352516.86	30.24
595527.84	3352517.27	51.18
595528.05	3352517.14	47.21
595528.27	3352517.00	43.01
595528.67	3352516.93	48.68
595529.12	3352516.65	40.05
595506.36	3352525.20	57.93
595506.52	3352525.10	54.65
595506.82	3352524.90	48.32
595507.21	3352524.86	56.10
595507.39	3352524.75	52.49
595506.72	3352525.36	79.39
595507.98	3352524.55	53.87
595507.12	3352525.29	84.71
595507.41	3352525.10	78.90
595507.65	3352524.95	74.01
595508.59	3352524.35	54.95
595507.89	3352524.99	83.36
595508.15	3352524.82	78.18
595509.38	3352524.04	53.31
595508.41	3352524.83	85.95
595508.53	3352524.76	83.56
595508.70	3352524.64	80.01
595509.77	3352523.96	58.43
595509.93	3352523.86	55.38
595509.18	3352524.55	85.66
595510.94	3352523.42	50.26
595509.93	3352524.24	83.53
595511.42	3352523.29	53.64
595511.63	3352523.16	49.31
595510.55	3352524.06	86.35
595510.78	3352523.91	81.69
595512.21	3352523.00	53.01
595511.30	3352523.76	84.80
595512.85	3352522.77	53.70
595511.89	3352523.56	85.79
595512.55	3352523.14	72.63
595513.52	3352522.52	53.34
595513.74	3352522.38	48.91
595512.89	3352523.13	81.03
595514.82	3352521.90	42.58
595513.64	3352522.84	80.08
595514.98	3352521.99	53.44
595515.20	3352521.85	49.08
595515.35	3352521.76	46.12
595513.92	3352522.86	88.54
595515.57	3352521.81	55.80
595515.75	3352521.69	52.13
595514.79	3352522.49	85.13
595516.23	3352521.58	56.62
595515.26	3352522.39	90.28
595515.40	3352522.30	87.49
595515.70	3352522.11	81.65
595516.14	3352522.03	87.66
595516.40	3352521.87	82.67
595518.32	3352520.65	44.75
595516.72	3352521.84	88.94
595519.04	3352520.56	57.48
595519.47	3352520.29	49.04
595519.70	3352520.15	44.48
595520.37	3352519.72	31.23
595519.84	3352520.23	54.49
595519.98	3352520.14	51.64
595520.21	3352520.18	60.92
595520.75	3352519.84	50.32
595520.99	3352519.69	45.66
595520.30	3352520.31	73.06
595521.52	3352519.54	49.17
595521.03	3352520.03	71.91
595521.97	3352519.44	53.51
595522.23	3352519.28	48.49
595521.45	3352519.97	78.60
595522.57	3352519.26	56.75
595510.02	3352523.47	85.92
595510.31	3352523.28	80.08
595510.67	3352523.26	87.69
595511.53	3352522.91	85.20
595512.88	3352522.05	58.20
595513.88	3352521.59	51.37
595514.30	3352521.32	42.94
595513.49	3352522.03	73.32
595514.91	3352521.13	45.14
595515.14	3352521.19	55.80
595515.43	3352521.01	50.09
595515.78	3352520.79	43.24
595514.34	3352521.89	85.85
595514.50	3352521.79	82.64
595515.01	3352521.65	86.18
595516.65	3352520.61	53.67
595515.59	3352521.46	87.76
595515.82	3352521.31	83.20
595516.06	3352521.16	78.51
595516.37	3352521.15	85.69
595516.67	3352520.96	79.82
595518.84	3352519.77	50.91
595519.25	3352519.51	42.78
595519.49	3352519.55	52.00
595519.77	3352519.37	46.48
595528.98	3352517.26	81.72
595529.23	3352517.11	77.13
595529.54	3352517.09	84.35
595503.41	3352525.40	50.29
595504.00	3352525.22	52.98
595504.71	3352524.97	53.44
595504.95	3352524.81	48.45
595505.36	3352524.76	55.31
595505.64	3352524.57	49.44
595506.07	3352524.48	54.03
595506.82	3352524.20	53.21
595507.07	3352524.03	48.09
595506.25	3352524.74	78.21
595507.46	3352523.96	53.51
595507.79	3352523.76	46.94
595506.65	3352524.67	83.75
595506.92	3352524.50	78.34
595508.05	3352523.78	55.38
595507.38	3352524.41	84.02
595508.89	3352523.44	53.28
595508.15	3352524.10	82.02
595509.42	3352523.29	56.36
595509.63	3352523.15	52.13
595508.76	3352523.91	84.54
595510.02	3352523.11	59.18
595510.17	3352523.01	56.20
595509.43	3352523.66	83.92
595510.68	3352522.86	58.62
595506.27	3352523.59	51.64
595506.81	3352523.45	55.64
595520.03	3352519.40	55.24
595520.28	3352519.24	50.42
595519.84	3352519.71	72.90
595520.88	3352519.05	52.55
595521.45	3352518.87	54.75
595521.59	3352518.79	52.00
595521.87	3352518.61	46.58
595522.01	3352518.53	43.99
595522.21	3352518.40	40.02
595522.59	3352518.34	45.99
595521.50	3352519.21	81.20
595523.10	3352518.21	50.09
595522.18	3352518.99	82.54
595522.59	3352518.72	74.47
595522.80	3352518.76	82.87
595523.25	3352518.48	74.24
595523.59	3352518.47	82.41
595524.00	3352518.21	74.54
595524.23	3352518.07	70.11
595525.02	3352517.57	54.78
595524.32	3352518.19	81.95
595526.21	3352517.01	45.83
595526.62	3352516.95	52.16
595526.85	3352516.81	47.70
595527.26	3352516.72	52.69
595527.43	3352516.62	49.47
595527.82	3352516.37	41.89
595527.75	3352516.59	56.03
595527.92	3352516.49	52.82
595528.10	3352516.37	49.40
595528.30	3352516.25	45.57
595528.62	3352516.23	52.98
595529.17	3352515.89	42.51
595529.81	3352515.49	30.31
595529.76	3352515.69	43.96
595529.21	3352516.40	81.20
595529.93	3352516.14	81.43
595519.73	3352518.65	49.73
595518.89	3352519.36	79.59
595520.46	3352518.37	48.75
595519.47	3352519.18	81.72
595521.32	3352518.01	45.63
595522.22	3352517.65	43.14
595522.49	3352517.48	37.89
595522.87	3352517.24	30.57
595522.50	3352517.65	50.52
595522.73	3352517.50	45.96
595521.67	3352518.37	81.16
595523.30	3352517.34	49.47
595522.42	3352518.08	80.51
595524.09	3352517.03	48.12
595524.25	3352516.94	45.14
595523.04	3352517.89	82.70
595524.65	3352516.88	51.60
595524.92	3352516.71	46.39
595526.07	3352516.33	50.16
595526.41	3352516.13	43.76
595527.12	3352515.68	30.08
595526.71	3352516.12	51.54
595527.07	3352515.89	44.48
595527.15	3352516.02	55.64
595527.36	3352515.88	51.60
595528.13	3352515.60	51.01
595528.53	3352515.35	43.43
595528.74	3352515.39	52.49
595529.24	3352515.08	42.94
595529.49	3352514.93	38.22
595529.90	3352514.67	30.34
595529.85	3352514.89	45.04
595501.32	3352525.41	52.16
595502.91	3352524.81	50.36
595503.18	3352524.64	44.78
595503.85	3352524.20	30.93
595503.56	3352524.60	52.09
595503.89	3352524.38	45.30
595504.04	3352524.46	55.28
595504.18	3352524.37	52.42
595504.80	3352524.17	54.26
595505.05	3352524.01	49.04
595505.62	3352523.83	51.21
595507.00	3352523.33	51.83
595506.28	3352523.96	79.36
595506.46	3352523.85	75.68
595507.56	3352523.15	53.37
595507.09	3352523.66	78.41
595508.51	3352522.75	49.63
595507.53	3352523.56	82.87
595509.04	3352522.59	52.09
595508.17	3352523.34	83.85
595508.88	3352523.08	83.89
595509.62	3352522.80	83.49
595510.00	3352522.56	75.98
595511.04	3352521.89	54.92
595510.21	3352522.62	85.76
595510.44	3352522.47	81.00
595511.64	3352521.70	56.88
595510.91	3352522.36	85.89
595511.18	3352522.19	80.34
595511.44	3352522.02	75.13
595512.27	3352521.49	58.53
595512.97	3352521.25	59.57
595513.36	3352521.00	51.70
595514.06	3352520.75	52.09
595514.71	3352520.52	52.55
595515.01	3352520.33	46.58
595513.81	3352521.28	84.05
595515.40	3352520.27	52.46
595514.37	3352521.10	86.15
595516.09	3352520.01	52.06
595515.19	3352520.76	83.62
595515.94	3352520.48	82.57
595518.00	3352519.17	41.83
595516.81	3352520.11	79.00
595518.49	3352519.05	45.83
595518.79	3352518.86	40.02
595518.97	3352518.94	51.08
595519.18	3352518.81	46.94
595519.57	3352518.74	52.49
595522.96	3352516.48	50.72
595522.02	3352517.24	81.62
595522.68	3352517.01	82.02
595522.90	3352516.87	77.78
595524.84	3352515.83	53.70
595525.57	3352515.54	52.13
595525.87	3352515.36	46.39
595526.70	3352514.84	30.44
595526.17	3352515.37	55.41
595526.37	3352515.25	51.57
595526.63	3352515.08	46.48
595526.82	3352515.13	55.24
595526.98	3352515.03	52.36
595527.23	3352514.88	47.57
595527.47	3352514.92	57.38
595527.68	3352514.79	53.31
595528.60	3352514.39	48.58
595528.81	3352514.25	44.42
595529.20	3352514.01	37.04
595529.11	3352514.24	51.41
595529.57	3352513.95	42.55
595529.78	3352514.02	53.28
595500.27	3352524.80	52.82
595500.92	3352524.59	55.08
595501.19	3352524.42	49.54
595500.01	3352525.37	88.28
595500.51	3352525.05	77.98
595502.77	3352523.59	31.10
595500.66	3352525.15	89.30
595503.18	3352523.72	51.44
595503.29	3352523.64	49.17
595503.65	3352523.41	41.76
595503.82	3352523.47	51.34
595504.55	3352523.21	51.08
595505.36	3352522.88	48.72
595506.00	3352522.66	50.06
595506.76	3352522.38	49.44
595507.67	3352521.80	30.90
595507.37	3352522.17	50.52
595507.72	3352521.94	43.24
595508.07	3352521.91	50.32
595508.22	3352521.82	47.53
595508.45	3352521.67	42.78
595509.04	3352521.29	30.74
595508.62	3352521.75	53.51
595508.88	3352521.59	48.16
595508.21	3352522.22	77.13
595509.38	3352521.48	53.51
595509.71	3352521.26	46.75
595508.81	3352522.02	78.11
595509.95	3352521.29	55.24
595509.66	3352521.68	75.88
595510.44	3352521.18	60.03
595510.67	3352521.03	55.38
595510.19	3352521.54	80.21
595511.41	3352520.77	55.70
595511.49	3352520.71	54.00
595511.11	3352521.15	75.82
595512.06	3352520.54	56.69
595512.23	3352520.43	53.37
595511.76	3352520.92	76.86
595512.93	3352520.18	53.60
595513.51	3352519.99	54.88
595513.64	3352519.90	52.36
595514.26	3352519.70	53.93
595514.44	3352519.59	50.42
595514.64	3352519.64	59.57
595514.98	3352519.42	52.85
595515.38	3352519.37	59.64
595515.65	3352519.19	54.19
595515.85	3352519.07	50.26
595516.15	3352519.06	57.90
595516.38	3352518.92	53.41
595516.95	3352518.75	56.13
595517.48	3352518.41	45.50
595517.64	3352518.31	42.51
595518.31	3352518.07	42.97
595518.47	3352517.97	39.73
595518.95	3352517.67	30.38
595518.62	3352518.05	49.70
595518.81	3352517.93	46.06
595519.59	3352517.44	30.74
595517.71	3352518.83	82.67
595519.35	3352517.79	50.45
595519.57	3352517.65	46.12
595519.11	3352518.31	82.21
595520.70	3352517.31	51.24
595520.82	3352517.23	48.68
595521.07	3352517.06	43.66
595519.76	3352518.10	84.21
595521.86	3352516.78	43.24
595522.20	3352516.75	50.36
595522.44	3352516.60	45.73
595522.57	3352516.51	43.01
595523.24	3352516.09	30.11
595521.73	3352517.24	74.40
595515.23	3352518.84	55.51
595515.66	3352518.77	61.25
595516.32	3352518.52	61.22
595516.55	3352518.38	56.65
595516.90	3352518.16	49.80
595517.29	3352517.91	42.06
595517.98	3352517.67	42.68
595518.59	3352517.28	30.57
595516.69	3352518.68	82.93
595519.22	3352517.26	45.89
595517.95	3352518.26	85.95
595518.39	3352517.98	77.26
595519.87	3352517.05	48.29
595518.57	3352518.05	87.27
595520.57	3352516.79	48.19
595519.44	3352517.71	85.13
595521.45	3352516.44	45.89
595521.61	3352516.34	42.71
595520.12	3352517.45	85.00
595521.23	3352516.92	75.88
595521.39	3352516.82	72.76
595521.84	3352516.73	78.05
595522.52	3352516.47	77.29
595523.85	3352515.64	51.44
595524.02	3352515.53	48.19
595524.23	3352515.40	44.16
595524.57	3352515.38	52.03
595524.79	3352515.25	48.09
595524.95	3352515.15	45.01
595525.13	3352515.03	41.43
595525.57	3352514.92	45.24
595525.75	3352515.01	56.56
595525.97	3352514.88	52.42
595526.52	3352514.71	55.21
595526.67	3352514.61	52.23
595527.23	3352514.43	53.96
595528.07	3352514.10	52.32
595528.78	3352513.84	52.16
595529.46	3352513.60	52.82
595529.82	3352513.37	45.89
595500.30	3352524.75	88.45
595502.44	3352523.37	44.02
595503.07	3352522.95	30.74
595501.07	3352524.45	86.94
595503.51	3352523.08	51.47
595503.78	3352522.90	45.73
595504.15	3352522.84	51.70
595504.84	3352522.61	53.34
595505.02	3352522.49	49.54
595505.69	3352522.24	48.98
595506.25	3352522.08	52.03
595506.55	3352521.88	45.80
595507.07	3352521.75	49.60
595507.31	3352521.59	44.78
595507.99	3352521.15	30.77
595507.87	3352521.45	48.91
595508.13	3352521.27	43.40
595508.75	3352520.88	30.80
595508.57	3352521.18	48.49
595508.86	3352520.99	42.42
595509.43	3352520.63	30.83
595509.09	3352521.04	52.00
595508.51	3352521.62	79.06
595509.76	3352520.82	53.77
595509.29	3352521.31	77.52
595510.20	3352520.73	59.05
595509.84	3352521.15	80.44
595511.09	3352520.35	55.34
595511.64	3352520.18	57.28
595511.76	3352520.10	54.88
595511.32	3352520.57	77.62
595512.38	3352519.90	56.43
595513.17	3352519.58	54.49
595513.47	3352519.39	48.42
595513.86	3352519.34	54.85
595514.27	3352519.26	60.53
595514.55	3352519.08	55.05
595514.77	3352518.94	50.62
595515.02	3352518.97	59.51
595500.69	3352523.40	56.98
595500.01	3352524.05	85.95
595500.86	3352523.50	68.30
595500.65	3352523.83	87.30
595503.01	3352522.51	53.24
595503.21	3352522.38	49.08
595503.73	3352522.24	52.55
595503.95	3352522.09	47.90
595504.23	3352521.91	42.19
595504.41	3352521.98	52.09
595504.63	3352521.84	47.63
595505.42	3352521.54	46.62
595505.70	3352521.36	40.84
595505.94	3352521.20	35.79
595506.20	3352521.03	30.44
595506.12	3352521.30	47.70
595506.36	3352521.14	42.65
595506.98	3352520.92	43.24
595507.39	3352520.66	34.87
595507.60	3352520.52	30.67
595507.31	3352520.92	51.96
595507.44	3352520.83	49.24
595508.14	3352520.58	49.47
595508.49	3352520.35	42.35
595509.06	3352519.99	30.80
595507.32	3352521.30	80.93
595508.81	3352520.35	50.72
595509.06	3352520.19	45.70
595509.37	3352520.18	53.34
595509.52	3352520.09	50.32
595508.78	3352520.75	79.10
595509.96	3352519.99	55.24
595509.49	3352520.48	78.37
595510.69	3352519.71	54.16
595510.88	3352519.59	50.29
595511.05	3352519.48	46.98
595511.20	3352519.56	56.88
595511.38	3352519.44	53.11
595511.63	3352519.28	48.12
595512.02	3352519.25	55.87
595512.48	3352519.13	59.80
595512.70	3352518.99	55.41
595513.03	3352518.79	48.95
595513.50	3352518.69	54.33
595513.94	3352518.58	58.56
595514.15	3352518.45	54.33
595514.42	3352518.45	62.23
595514.56	3352518.36	59.38
595515.14	3352518.20	63.22
595515.35	3352518.07	59.02
595515.90	3352517.91	62.17
595516.06	3352517.81	59.15
595516.23	3352517.70	55.67
595516.59	3352517.48	48.52
595516.86	3352517.30	43.14
595515.54	3352518.33	83.07
595516.29	3352518.04	82.18
595517.70	3352517.15	54.33
595517.07	3352517.74	81.10
595517.76	3352517.31	67.74
595517.51	3352517.66	87.20
595517.68	3352517.56	83.95
595517.94	3352517.39	78.80
595519.61	3352516.34	46.06
595518.13	3352517.45	88.22
595518.90	3352517.15	86.61
595519.68	3352516.82	84.08
595521.46	3352515.71	49.44
595520.92	3352516.22	73.19
595522.28	3352515.37	46.62
595521.67	3352515.95	73.03
595523.01	3352515.10	46.91
595523.45	3352515.01	51.57
595523.66	3352514.88	47.50
595524.03	3352514.84	54.75
595526.71	3352513.90	57.44
595526.92	3352513.77	53.44
595527.45	3352513.61	56.10
595527.73	3352513.44	50.85
595527.96	3352513.29	46.42
595528.62	3352513.07	47.57
595529.23	3352512.88	50.62
595529.51	3352512.71	45.40
595529.65	3352512.62	42.68
595529.88	3352512.48	38.32
595500.29	3352522.94	68.66
595500.04	3352523.29	87.63
595500.84	3352522.77	71.03
595501.61	3352522.27	55.01
595501.15	3352522.76	79.19
595501.37	3352522.62	74.70
595503.04	3352521.75	54.95
595503.56	3352521.41	44.19
595504.21	3352520.99	30.80
595504.25	3352521.18	45.57
595504.51	3352521.01	40.19
595504.97	3352520.71	30.61
595504.50	3352521.19	53.67
595504.80	3352521.00	47.50
595505.21	3352520.74	39.20
595505.64	3352520.47	30.34
595505.26	3352520.91	53.08
595505.45	3352520.79	49.21
595505.80	3352520.56	41.96
595506.50	3352520.32	42.88
595506.73	3352520.17	38.09
595507.07	3352519.95	30.93
595506.78	3352520.34	51.83
595507.12	3352520.12	45.07
595505.93	3352521.08	83.56
595507.45	3352520.10	52.52
595507.60	3352520.00	49.44
595506.48	3352520.90	85.13
595506.76	3352520.72	79.49
595508.01	3352519.92	54.00
595508.76	3352519.63	52.95
595507.95	3352520.33	83.16
595509.32	3352519.45	55.21
595509.51	3352519.34	51.60
595508.62	3352520.11	84.57
595509.97	3352519.25	57.38
595510.16	3352519.12	53.44
595510.32	3352519.02	50.13
595510.89	3352518.84	52.49
595524.22	3352514.73	51.31
595524.40	3352514.61	47.83
595524.56	3352514.51	44.68
595524.99	3352514.41	48.88
595525.49	3352514.28	52.59
595525.99	3352514.16	57.28
595526.17	3352514.04	53.70
595526.37	3352513.92	49.90
595511.19	3352518.65	46.52
595511.41	3352518.70	55.97
595511.82	3352518.63	62.10
595512.06	3352518.48	57.25
595512.54	3352518.35	60.89
595512.91	3352518.12	53.54
595513.66	3352517.84	53.21
595514.04	3352517.79	60.13
595514.40	3352517.57	52.95
595515.06	3352517.32	52.88
595515.32	3352517.16	47.73
595515.63	3352516.96	41.46
595516.01	3352516.93	49.24
595516.24	3352516.78	44.81
595516.50	3352516.62	39.53
595516.67	3352516.70	50.19
595517.24	3352516.54	53.90
595516.35	3352517.27	84.31
595517.88	3352516.31	54.19
595518.06	3352516.20	50.68
595516.89	3352517.11	86.94
595517.56	3352516.87	87.49
595517.75	3352516.76	83.82
595518.27	3352516.60	86.31
595518.55	3352516.42	80.83
595520.14	3352515.42	49.70
595520.30	3352515.32	46.62
595519.06	3352516.30	85.62
595519.79	3352516.01	84.18
595521.32	3352515.05	54.19
595522.00	3352514.82	55.41
595522.25	3352514.66	50.45
595522.49	3352514.51	45.86
595522.69	3352514.38	41.92
595523.07	3352514.32	47.73
595523.63	3352514.15	50.19
595524.14	3352514.03	54.78
595524.36	3352513.89	50.49
595524.89	3352513.74	53.74
595525.07	3352513.62	50.09
595525.57	3352513.50	54.56
595525.70	3352513.42	51.96
595526.21	3352513.29	56.00
595526.41	3352513.16	52.13
595526.93	3352513.03	56.26
595527.59	3352512.80	57.38
595528.14	3352512.46	46.88
595528.91	3352512.15	45.24
595529.59	3352511.91	45.73
595529.81	3352511.77	41.46
595519.69	3352514.54	45.57
595518.44	3352515.53	84.41
595518.60	3352515.42	81.23
595519.99	3352514.55	54.03
595519.22	3352515.21	81.95
595520.61	3352514.33	54.72
595521.27	3352514.10	55.38
595521.57	3352513.91	49.50
595522.15	3352513.73	52.06
595522.88	3352513.47	52.65
595523.14	3352513.31	47.76
595523.71	3352513.12	49.34
595524.42	3352512.87	49.90
595524.67	3352512.71	45.07
595525.41	3352512.25	30.61
595525.17	3352512.59	49.83
595525.41	3352512.44	45.20
595526.15	3352511.98	30.97
595525.77	3352512.40	51.93
595526.50	3352512.13	51.60
595526.91	3352512.04	56.16
595527.24	3352511.84	49.96
595527.82	3352511.65	52.00
595528.02	3352511.53	48.49
595528.25	3352511.39	43.96
595528.50	3352511.23	39.20
595528.68	3352511.29	48.49
595529.12	3352511.02	40.19
595529.19	3352511.16	52.55
595529.51	3352510.96	46.48
595500.32	3352521.72	52.36
595500.07	3352522.29	87.99
595500.17	3352522.23	85.89
595500.73	3352521.87	74.34
595501.15	3352521.78	79.46
595501.96	3352521.47	78.37
595502.35	3352521.22	70.40
595503.81	3352520.48	54.75
595504.03	3352520.33	50.16
595504.48	3352520.26	56.65
595504.68	3352520.13	52.42
595505.25	3352519.94	53.87
595505.47	3352519.79	49.31
595505.92	3352519.70	54.65
595506.35	3352519.43	45.89
595506.90	3352519.26	48.22
595505.84	3352520.12	83.23
595507.47	3352519.08	50.16
595506.46	3352519.93	85.99
595506.97	3352519.77	88.54
595507.32	3352519.55	81.56
595508.86	3352518.57	50.36
595507.86	3352519.42	86.15
595508.05	3352519.30	82.31
595509.42	3352518.42	54.59
595510.07	3352518.18	54.36
595510.29	3352518.04	50.09
595511.26	3352517.43	30.57
595510.73	3352517.94	54.92
595511.20	3352517.85	60.49
595511.46	3352517.68	55.34
595511.78	3352517.67	62.86
595511.93	3352517.57	59.87
595512.11	3352517.46	56.20
595512.54	3352517.38	62.07
595512.85	3352517.18	55.77
595513.03	3352517.07	52.26
595513.51	3352516.95	56.65
595514.04	3352516.82	61.02
595514.40	3352516.58	53.74
595514.51	3352516.52	51.64
595515.22	3352516.25	51.44
595515.69	3352515.96	42.09
595516.27	3352515.59	30.54
595515.81	3352516.07	53.57
595516.45	3352515.85	54.72
595515.77	3352516.45	80.90
595516.12	3352516.23	74.14
595516.90	3352515.73	58.56
595516.99	3352515.68	56.88
595516.45	3352516.21	81.29
595516.57	3352516.13	78.73
595516.82	3352515.97	73.78
595517.63	3352515.46	57.90
595517.21	3352515.91	80.11
595518.49	3352515.10	54.88
595519.00	3352514.78	44.88
595517.64	3352515.83	85.72
595518.04	3352515.58	77.85
595502.47	3352520.29	50.29
595502.22	3352520.65	70.93
595503.30	3352519.96	48.45
595503.82	3352519.81	52.03
595504.03	3352519.68	47.76
595504.39	3352519.63	53.77
595504.73	3352519.41	46.71
595504.96	3352519.46	56.43
595505.29	3352519.24	49.60
595505.61	3352519.04	43.01
595504.15	3352520.15	86.22
595504.35	3352520.02	82.11
595504.91	3352519.88	86.22
595506.64	3352518.77	50.85
595506.87	3352518.62	46.19
595507.25	3352518.38	38.48
595505.48	3352519.69	88.28
595507.64	3352518.31	44.22
595506.04	3352519.53	91.20
595506.35	3352519.33	84.87
595506.56	3352519.19	80.54
595508.03	3352518.26	50.68
595508.20	3352518.15	47.34
595506.72	3352519.28	91.46
595506.82	3352519.21	89.23
595507.67	3352518.85	85.20
595509.14	3352517.92	55.57
595509.36	3352517.77	50.98
595508.40	3352518.59	85.85
595510.46	3352517.47	58.46
595510.60	3352517.38	55.57
595510.75	3352517.28	52.49
595511.05	3352517.28	60.36
595511.23	3352517.17	56.69
595511.52	3352516.98	50.95
595511.66	3352517.09	63.02
595512.70	3352516.62	56.23
595512.85	3352516.53	53.28
595513.98	3352515.81	30.57
595513.32	3352516.43	58.98
595513.56	3352516.28	54.46
595513.82	3352516.12	49.17
595521.61	3352513.24	46.55
595522.01	3352513.17	52.62
595522.31	3352512.98	46.71
595523.00	3352512.73	47.01
595523.65	3352512.52	49.27
595524.22	3352512.35	51.86
595524.43	3352512.22	47.93
595524.95	3352512.07	50.98
595525.11	3352511.97	47.96
595526.00	3352511.42	30.80
595525.78	3352511.74	48.62
595526.22	3352511.63	52.59
595527.02	3352511.32	50.95
595527.53	3352511.18	54.56
595527.68	3352511.09	51.80
595527.90	3352510.94	47.44
595528.57	3352510.71	48.12
595529.36	3352510.40	46.65
595500.09	3352521.23	55.87
595500.75	3352520.99	55.74
595500.47	3352521.38	77.13
595500.75	3352521.20	71.48
595501.43	3352520.76	57.38
595501.66	3352520.61	52.42
595501.13	3352521.15	78.05
595501.43	3352520.95	71.68
595502.05	3352520.56	59.02
595502.17	3352520.48	56.43
595500.56	3352520.08	30.74
595500.13	3352520.57	54.95
595500.06	3352520.82	71.88
595500.64	3352520.44	59.71
595501.22	3352520.25	60.89
595501.44	3352520.30	70.63
595502.20	3352519.81	54.88
595502.40	3352519.68	50.68
595502.11	3352520.06	70.96
595502.99	3352519.49	52.91
595503.71	3352519.22	52.06
595503.87	3352519.11	48.65
595504.31	3352519.04	54.85
595504.60	3352518.85	48.91
595505.19	3352518.65	49.80
595504.21	3352519.49	85.66
595504.37	3352519.39	82.48
595505.82	3352518.45	52.69
595504.90	3352519.22	85.00
595514.00	3352516.18	58.75
595514.42	3352515.92	50.49
595514.72	3352515.73	44.45
595515.05	3352515.71	51.90
595515.44	3352515.46	44.06
595515.67	3352515.31	39.46
595515.61	3352515.53	53.87
595516.22	3352515.32	54.82
595515.66	3352515.87	80.87
595516.03	3352515.64	73.62
595516.92	3352515.08	56.16
595516.40	3352515.57	78.96
595516.71	3352515.38	72.96
595517.50	3352514.89	57.51
595517.13	3352515.31	79.46
595518.09	3352514.72	60.92
595518.34	3352514.56	55.93
595517.82	3352515.05	78.54
595518.97	3352514.33	56.33
595519.20	3352514.19	51.73
595519.50	3352514.00	45.93
595518.51	3352514.80	78.70
595519.54	3352514.16	58.82
595519.69	3352514.06	55.80
595520.29	3352513.88	58.66
595520.44	3352513.78	55.67
595521.09	3352513.56	56.62
595521.38	3352513.38	50.98
595507.05	3352518.43	84.54
595507.73	3352518.19	84.80
595507.96	3352518.04	80.11
595509.37	3352517.14	51.54
595509.88	3352517.01	55.54
595510.00	3352516.93	53.01
595510.69	3352516.70	54.36
595510.97	3352516.51	48.58
595511.07	3352516.64	60.85
595511.32	3352516.48	55.93
595511.75	3352516.39	60.79
595511.88	3352516.31	58.26
595512.06	3352516.19	54.56
595512.69	3352515.98	55.70
595513.28	3352515.78	57.18
595513.49	3352515.65	53.01
595514.28	3352515.34	51.24
595514.51	3352515.19	46.71
595514.86	3352514.97	39.76
595514.79	3352515.20	55.01
595515.43	3352514.98	56.23
595515.62	3352514.86	52.46
595515.37	3352515.21	71.91
595516.24	3352514.67	54.72
595516.07	3352514.95	71.52
595516.63	3352514.60	60.33
595517.23	3352514.40	62.04
595517.06	3352514.69	79.10
595517.79	3352514.44	79.92
595519.21	3352513.54	51.93
595518.51	3352514.16	78.70
595519.63	3352513.45	56.72
595520.28	3352513.24	58.49
595520.44	3352513.14	55.28
595521.07	3352512.92	56.79
595521.31	3352512.77	52.19
595522.25	3352512.38	48.39
595522.46	3352512.25	44.19
595523.13	3352511.83	31.29
595523.00	3352512.09	47.44
595523.14	3352512.00	44.68
595523.52	3352511.94	50.09
595523.70	3352511.83	46.71
595524.19	3352511.70	50.45
595524.37	3352511.58	47.01
595524.75	3352511.52	52.49
595525.02	3352511.35	47.30
595525.29	3352511.18	42.06
595525.90	3352510.80	30.38
595525.68	3352511.13	48.81
595525.89	3352511.00	44.65
595526.28	3352510.93	50.36
595526.57	3352510.75	44.75
595526.98	3352510.69	51.04
595527.13	3352510.59	47.99
595527.40	3352510.42	42.84
595528.02	3352510.21	44.25
595528.22	3352510.09	40.45
595528.75	3352509.76	30.38
595528.70	3352509.96	43.86
595528.97	3352509.79	38.71
595529.41	3352509.52	30.24
595529.35	3352509.74	45.50
595529.70	3352509.53	38.97
595523.54	3352511.06	49.57
595523.80	3352510.90	44.38
595524.40	3352510.71	46.42
595524.98	3352510.53	48.95
595525.23	3352510.37	44.09
595525.44	3352510.24	40.15
595525.94	3352509.93	30.34
595525.82	3352510.17	45.76
595526.10	3352510.00	40.51
595526.39	3352510.00	48.09
595527.10	3352509.75	48.52
595527.41	3352509.55	42.45
595526.38	3352510.38	76.57
595528.07	3352509.33	44.16
595526.68	3352510.36	83.16
595527.04	3352510.14	76.27
595528.74	3352509.08	43.79
595527.81	3352509.85	75.85
595529.31	3352508.92	47.34
595529.51	3352508.79	43.43
595500.00	3352519.78	57.15
595505.32	3352519.14	90.22
595505.96	3352518.93	91.83
595506.19	3352518.78	87.17
595506.80	3352518.59	89.50
595500.22	3352519.64	52.55
595501.27	3352518.96	30.64
595500.82	3352519.44	54.23
595501.28	3352519.32	58.07
595501.57	3352519.14	52.03
595502.06	3352519.03	57.74
595502.95	3352518.64	53.14
595503.91	3352518.24	48.72
595504.07	3352518.13	45.30
595504.77	3352517.68	30.90
595504.54	3352518.02	49.67
595505.12	3352517.82	50.78
595505.68	3352517.67	55.01
595505.79	3352517.60	52.91
595504.80	3352518.43	87.53
595506.42	3352517.39	54.46
595506.61	3352517.27	50.55
595505.47	3352518.19	87.89
595505.85	3352517.95	80.24
595507.30	3352517.02	50.62
595507.53	3352516.87	45.99
595506.04	3352518.02	90.87
595506.17	3352517.93	88.09
595506.32	3352517.84	85.00
595508.10	3352516.70	48.81
595506.80	3352517.73	90.12
595507.03	3352517.58	85.43
595508.62	3352516.57	53.05
595509.40	3352516.28	52.59
595509.69	3352516.09	46.71
595510.48	3352515.59	30.67
595510.12	3352516.00	51.41
595510.39	3352515.82	45.80
595510.74	3352515.79	53.08
595511.25	3352515.64	55.87
595511.46	3352515.51	51.80
595511.56	3352515.44	49.63
595512.12	3352515.28	52.06
595512.30	3352515.16	48.45
595513.18	3352514.60	30.74
595513.02	3352514.90	48.72
595513.39	3352514.67	41.40
595513.60	3352514.71	50.49
595513.75	3352514.62	47.53
595513.89	3352514.53	44.71
595514.19	3352514.54	53.80
595514.36	3352514.43	50.52
595514.59	3352514.29	45.89
595514.85	3352514.12	40.61
595515.00	3352514.20	50.52
595515.73	3352513.92	49.67
595516.34	3352513.73	52.26
595516.54	3352513.60	48.26
595516.79	3352513.45	43.40
595516.07	3352514.09	71.98
595516.69	3352513.71	59.97
595516.90	3352513.57	55.80
595517.17	3352513.40	50.49
595517.48	3352513.39	57.90
595517.71	3352513.24	53.24
595518.13	3352512.98	45.04
595518.66	3352512.83	48.32
595519.55	3352512.27	30.77
595518.96	3352512.84	57.51
595519.22	3352512.68	52.49
595519.67	3352512.59	57.64
595519.82	3352512.48	54.36
595520.27	3352512.39	59.35
595520.55	3352512.21	53.93
595521.07	3352512.05	56.43
595521.22	3352511.96	53.70
595521.53	3352511.77	47.73
595521.72	3352511.82	57.15
595521.88	3352511.73	54.10
595522.12	3352511.57	49.37
595522.80	3352511.33	49.90
595522.95	3352511.24	47.04
595523.79	3352510.71	30.64
595520.36	3352511.21	44.25
595520.71	3352511.17	50.62
595521.27	3352511.00	53.57
595521.54	3352510.83	48.19
595522.23	3352510.59	48.52
595522.39	3352510.48	45.37
595523.14	3352510.01	30.77
595522.88	3352510.36	49.60
595523.65	3352510.06	48.39
595523.88	3352509.92	43.96
595524.55	3352509.67	43.60
595524.96	3352509.41	35.66
595525.23	3352509.25	30.47
595525.07	3352509.54	48.09
595525.40	3352509.33	41.83
595524.41	3352510.14	74.73
595500.14	3352518.76	55.21
595500.74	3352518.55	56.29
595501.38	3352518.35	58.59
595501.59	3352518.21	54.19
595501.84	3352518.06	49.21
595502.16	3352518.03	55.87
595502.44	3352517.85	50.06
595503.23	3352517.53	48.09
595503.62	3352517.28	40.09
595503.85	3352517.34	50.62
595504.46	3352517.14	52.55
595505.27	3352516.82	50.39
595504.31	3352517.62	84.21
595504.79	3352517.31	74.40
595505.87	3352516.62	52.16
595505.14	3352517.30	82.97
595505.40	3352517.13	77.65
595505.60	3352517.01	73.55
595506.64	3352516.34	52.23
595505.71	3352517.13	85.66
595505.92	3352516.99	81.20
595507.46	3352516.00	49.83
595508.19	3352515.73	49.04
595507.21	3352516.54	82.87
595508.66	3352515.62	53.57
595508.85	3352515.49	49.67
595509.64	3352515.17	46.71
595509.87	3352515.02	41.96
595510.42	3352514.67	30.87
595510.11	3352515.06	51.67
595511.15	3352514.40	30.54
595510.68	3352514.89	54.33
595510.82	3352514.80	51.50
595511.01	3352514.67	47.60
595511.48	3352514.57	52.26
595511.66	3352514.45	48.68
595512.27	3352514.26	50.78
595512.93	3352514.01	50.65
595513.67	3352513.74	50.29
595514.00	3352513.72	57.84
595514.27	3352513.54	52.32
595514.44	3352513.44	48.91
595515.18	3352513.17	49.31
595515.82	3352512.94	49.31
595516.11	3352512.75	43.53
595516.32	3352512.83	54.69
595516.47	3352512.74	51.77
595516.90	3352512.46	43.11
595517.07	3352512.55	54.19
595517.42	3352512.33	47.34
595518.26	3352511.80	30.70
595518.26	3352511.99	44.91
595518.98	3352511.53	30.61
595518.71	3352511.89	49.70
595519.18	3352511.76	53.14
595519.38	3352511.63	49.21
595519.69	3352511.63	57.15
595519.82	3352511.54	54.42
595520.04	3352511.41	50.39
595517.50	3352511.60	35.85
595517.75	3352511.44	31.00
595517.39	3352511.84	50.75
595517.64	3352511.68	45.86
595518.15	3352511.54	49.34
595518.38	3352511.40	44.81
595518.89	3352511.08	34.80
595519.09	3352510.95	30.77
595518.84	3352511.29	49.67
595519.31	3352511.18	54.13
595520.00	3352510.93	54.56
595520.36	3352510.70	47.44
595521.01	3352510.48	48.42
595521.32	3352510.47	56.06
595521.50	3352510.36	52.62
595525.56	3352509.42	52.69
595525.77	3352509.29	48.55
595524.90	3352510.00	77.98
595526.09	3352509.26	55.15
595525.70	3352509.70	77.36
595527.17	3352508.78	49.14
595526.07	3352509.65	83.79
595526.32	3352509.50	79.00
595527.80	3352508.57	50.65
595526.92	3352509.32	81.92
595528.48	3352508.34	52.06
595528.64	3352508.24	49.01
595527.57	3352509.07	81.59
595529.39	3352507.95	47.17
595528.30	3352508.81	81.49
595500.10	3352518.29	59.57
595501.03	3352517.86	53.70
595501.27	3352517.71	48.78
595502.10	3352517.39	47.34
595502.24	3352517.30	44.35
595502.88	3352516.88	31.00
595502.43	3352517.37	54.75
595502.69	3352517.20	49.40
595503.59	3352516.62	30.80
595503.21	3352517.06	53.41
595503.46	3352516.90	48.22
595504.11	3352516.68	49.34
595504.85	3352516.41	49.40
595503.99	3352517.17	82.34
595504.38	3352516.92	74.37
595504.62	3352516.93	82.31
595504.85	3352516.79	77.75
595505.01	3352516.68	74.40
595506.10	3352515.99	52.16
595505.17	3352516.77	85.59
595505.61	3352516.50	76.70
595506.67	3352515.82	54.98
595506.29	3352516.24	75.91
595507.41	3352515.52	53.05
595506.48	3352516.31	86.44
595506.69	3352516.17	82.15
595508.11	3352515.26	53.14
595508.70	3352515.09	55.74
595509.01	3352514.88	49.27
595509.55	3352514.72	51.90
595509.73	3352514.61	48.19
595510.03	3352514.41	42.02
595510.31	3352514.23	36.38
595510.60	3352514.05	30.67
595510.32	3352514.44	51.77
595511.15	3352514.09	48.19
595511.34	3352513.96	44.25
595512.02	3352513.53	30.57
595511.82	3352513.84	48.55
595512.44	3352513.64	50.39
595513.12	3352513.42	52.13
595513.53	3352513.34	57.41
595513.66	3352513.25	54.82
595513.87	3352513.12	50.65
595514.31	3352513.03	55.80
595514.47	3352512.93	52.65
595515.37	3352512.56	49.90
595515.67	3352512.37	43.83
595516.03	3352512.33	50.65
595516.48	3352512.24	55.87
595516.81	3352512.03	49.37
595517.26	3352511.74	40.35
595516.61	3352511.43	55.24
595516.86	3352511.27	50.36
595517.55	3352511.03	51.14
595517.85	3352510.84	45.24
595518.00	3352510.92	55.28
595518.20	3352510.79	51.41
595518.88	3352510.56	52.16
595519.07	3352510.44	48.42
595519.30	3352510.48	57.90
595519.43	3352510.39	55.34
595519.84	3352510.14	47.44
595520.40	3352509.96	49.40
595520.84	3352509.88	55.38
595521.82	3352510.16	46.39
595522.00	3352510.22	56.20
595522.28	3352510.04	50.62
595522.46	3352509.93	47.24
595523.05	3352509.75	49.47
595523.32	3352509.58	44.16
595524.01	3352509.14	30.67
595523.87	3352509.43	48.32
595524.06	3352509.31	44.58
595524.79	3352508.86	30.54
595524.48	3352509.22	49.01
595524.66	3352509.11	45.70
595523.93	3352509.76	74.31
595525.07	3352509.05	52.36
595525.26	3352508.93	48.78
595524.56	3352509.54	75.62
595525.72	3352508.82	53.24
595524.98	3352509.48	82.38
595525.24	3352509.32	77.32
595526.64	3352508.45	50.52
595525.62	3352509.25	82.87
595525.89	3352509.08	77.62
595527.43	3352508.12	48.12
595526.05	3352509.16	87.30
595526.30	3352509.00	82.44
595526.75	3352508.89	87.17
595527.02	3352508.73	82.08
595528.80	3352507.62	48.09
595527.51	3352508.59	84.94
595529.31	3352507.47	50.62
595528.37	3352508.25	83.16
595529.68	3352507.79	84.54
595500.73	3352517.17	50.55
595500.93	3352517.05	46.42
595502.36	3352516.32	30.97
595502.05	3352516.71	51.77
595502.75	3352516.47	53.18
595502.98	3352516.32	48.32
595503.49	3352516.19	52.62
595503.70	3352516.06	48.32
595503.19	3352516.57	72.80
595504.01	3352516.05	56.03
595504.25	3352515.89	51.14
595503.88	3352516.31	72.30
595504.78	3352515.73	53.80
595504.91	3352515.65	51.24
595504.17	3352516.31	79.92
595504.50	3352516.10	73.19
595505.42	3352515.51	54.26
595504.73	3352516.14	82.80
595505.02	3352515.95	76.80
595506.04	3352515.30	56.03
595505.22	3352516.02	87.23
595505.97	3352515.73	85.95
595506.44	3352515.43	76.41
595507.49	3352514.76	54.95
595507.11	3352515.19	77.23
595508.10	3352514.56	57.08
595508.41	3352514.37	50.88
595508.96	3352514.20	53.51
595509.18	3352514.06	49.11
595509.87	3352513.81	49.21
595510.07	3352513.68	45.01
595510.77	3352513.23	30.93
595510.45	3352513.63	51.83
595510.61	3352513.53	48.58
595511.04	3352513.46	54.98
595511.40	3352513.23	47.73
595512.25	3352512.69	30.70
595511.84	3352513.13	52.09
595512.06	3352512.99	47.73
595512.36	3352513.00	56.49
595512.54	3352512.88	52.75
595513.07	3352512.74	56.82
595513.24	3352512.63	53.54
595513.77	3352512.49	57.61
595514.38	3352512.29	59.02
595514.57	3352512.16	55.08
595515.31	3352511.87	53.28
595515.51	3352511.75	49.37
595516.17	3352511.52	50.62
595516.42	3352510.62	52.85
595521.45	3352509.68	57.38
595521.91	3352509.39	48.29
595522.43	3352509.25	51.60
595522.76	3352509.04	45.04
595523.50	3352508.58	30.74
595523.40	3352508.83	47.21
595523.49	3352508.78	45.47
595524.23	3352508.31	31.13
595523.84	3352508.75	52.69
595524.02	3352508.63	49.24
595524.17	3352508.54	46.22
595524.50	3352508.33	39.89
595524.69	3352508.41	50.75
595524.90	3352508.28	46.65
595524.07	3352508.95	74.83
595525.49	3352508.07	47.70
595526.06	3352507.72	36.74
595526.35	3352507.54	31.00
595524.73	3352508.72	75.62
595526.01	3352507.93	51.11
595526.25	3352507.78	46.35
595526.63	3352507.54	39.07
595525.47	3352508.44	74.67
595526.97	3352507.51	45.96
595525.42	3352508.65	88.77
595525.56	3352508.56	86.05
595525.82	3352508.40	81.13
595527.54	3352507.33	48.06
595526.21	3352508.35	87.82
595528.28	3352507.06	48.06
595526.70	3352508.20	90.48
595526.99	3352508.02	85.03
595527.51	3352507.90	89.73
595527.79	3352507.72	84.35
595528.44	3352507.49	84.71
595529.07	3352507.26	85.33
595500.19	3352516.98	83.89
595502.32	3352515.80	54.39
595502.59	3352515.63	49.01
595502.86	3352515.64	57.15
595503.07	3352515.51	52.88
595503.34	3352515.34	47.24
595503.56	3352515.19	42.61
595503.76	3352515.25	52.78
595503.89	3352515.17	50.09
595504.42	3352515.03	53.83
595503.73	3352515.65	81.85
595503.86	3352515.57	79.10
595504.98	3352514.85	56.16
595504.43	3352515.41	82.74
595504.73	3352515.22	76.67
595505.00	3352515.22	84.54
595505.26	3352515.06	79.36
595505.70	3352514.97	84.51
595507.75	3352513.85	57.15
595507.99	3352513.70	52.23
595508.69	3352513.45	52.85
595508.97	3352513.27	47.17
595509.78	3352512.75	30.61
595507.94	3352514.11	82.05
595508.65	3352513.86	82.54
595509.98	3352513.02	55.70
595510.21	3352512.87	51.08
595510.69	3352512.76	56.26
595510.92	3352512.62	51.64
595511.46	3352512.46	54.56
595512.05	3352512.28	57.02
595512.24	3352512.15	53.18
595512.69	3352512.04	57.44
595513.94	3352511.44	46.32
595514.72	3352510.95	30.77
595514.41	3352511.32	50.55
595514.77	3352511.10	43.33
595515.41	3352510.69	30.57
595515.25	3352510.98	47.57
595516.09	3352510.45	30.90
595515.71	3352510.88	52.72
595515.91	3352510.75	48.68
595516.93	3352510.49	56.56
595517.39	3352510.20	47.47
595517.76	3352510.14	53.21
595518.53	3352509.84	52.32
595518.77	3352509.69	47.67
595519.07	3352509.70	56.49
595519.30	3352509.56	52.19
595519.65	3352509.34	45.27
595519.92	3352509.17	40.05
595520.07	3352509.24	49.63
595520.53	3352509.15	55.54
595520.69	3352509.05	52.39
595520.95	3352508.89	47.44
595521.61	3352508.66	48.49
595521.77	3352508.56	45.34
595522.29	3352508.43	49.47
595523.09	3352508.10	47.24
595523.94	3352507.57	30.70
595523.63	3352507.95	50.09
595523.82	3352507.82	46.09
595524.05	3352507.68	41.89
595524.62	3352507.33	30.97
595523.05	3352508.49	74.57
595524.29	3352507.71	50.52
595524.37	3352507.66	48.88
595523.68	3352508.26	74.70
595524.89	3352507.50	51.34
595524.40	3352508.00	75.72
595525.66	3352507.22	51.34
595524.60	3352508.05	84.67
595524.84	3352507.90	80.01
595525.11	3352507.92	88.81
595525.31	3352507.80	85.07
595525.76	3352507.69	89.50
595526.24	3352507.39	80.34
595526.32	3352507.50	90.81
595527.18	3352507.17	89.23
595527.38	3352507.04	85.36
595529.12	3352505.96	52.29
595528.03	3352506.82	86.58
595529.73	3352505.77	54.23
595529.98	3352505.61	49.50
595528.73	3352506.56	86.51
595529.43	3352506.31	86.58
595519.67	3352508.47	49.50
595520.59	3352508.09	46.39
595519.63	3352508.86	77.85
595521.17	3352507.89	47.83
595521.91	3352507.61	46.91
595522.32	3352507.53	51.96
595522.55	3352507.38	47.47
595523.02	3352507.27	51.47
595523.30	3352507.09	45.93
595523.90	3352506.91	49.14
595524.34	3352506.80	53.21
595524.54	3352506.68	49.40
595523.98	3352507.23	74.73
595525.20	3352506.46	51.18
595524.10	3352507.32	85.07
595525.79	3352506.27	52.52
595524.74	3352507.10	86.41
595524.88	3352507.01	83.56
595525.35	3352506.91	88.54
595525.52	3352506.80	85.17
595527.34	3352505.67	50.36
595525.95	3352506.71	90.48
595526.61	3352506.48	91.27
595526.95	3352506.27	84.71
595527.64	3352506.02	84.90
595529.77	3352504.70	44.42
595528.96	3352505.58	87.86
595529.57	3352505.37	89.30
595500.27	3352515.51	44.71
595500.82	3352515.34	47.11
595501.32	3352515.20	50.39
595501.57	3352515.04	45.17
595502.09	3352514.90	49.04
595502.38	3352514.71	43.04
595502.62	3352514.56	37.99
595502.95	3352514.35	31.23
595502.92	3352514.56	46.42
595503.17	3352514.40	41.20
595503.60	3352514.12	32.31
595503.35	3352514.48	52.03
595503.67	3352514.27	45.57
595500.91	3352514.75	48.68
595501.65	3352514.46	47.04
595501.82	3352514.34	43.24
595500.60	3352515.34	84.51
595502.65	3352514.03	41.99
595503.16	3352513.70	31.33
595503.66	3352513.75	49.11
595503.81	3352513.65	45.89
595503.90	3352513.60	44.12
595503.86	3352514.14	41.33
595504.18	3352514.13	49.31
595504.66	3352514.02	53.57
595504.07	3352514.58	79.69
595504.66	3352514.39	81.79
595505.42	3352514.12	82.08
595506.61	3352513.35	57.64
595506.92	3352513.16	51.50
595506.00	3352513.92	83.30
595507.62	3352512.89	50.36
595506.78	3352513.63	82.67
595509.34	3352512.00	30.70
595507.51	3352513.35	81.88
595507.69	3352513.23	78.14
595508.31	3352513.04	80.93
595509.09	3352512.73	79.06
595511.04	3352511.67	52.91
595511.40	3352511.63	59.71
595511.72	3352511.42	53.14
595512.01	3352511.41	60.36
595512.39	3352511.17	52.72
595513.16	3352510.89	52.72
595513.32	3352510.78	49.34
595513.79	3352510.67	53.44
595514.02	3352510.52	48.91
595514.39	3352510.48	55.77
595514.57	3352510.37	52.32
595515.21	3352510.15	53.28
595516.03	3352509.80	49.83
595516.25	3352509.66	45.53
595516.67	3352509.60	52.39
595516.82	3352509.51	49.47
595517.03	3352509.37	45.27
595517.80	3352509.07	44.02
595518.35	3352508.90	46.52
595519.17	3352508.59	45.11
595519.47	3352508.40	39.30
595518.19	3352509.39	78.24
595506.34	3352513.21	82.08
595506.75	3352512.95	73.72
595507.79	3352512.29	52.55
595506.95	3352513.01	83.85
595508.26	3352512.17	57.08
595507.67	3352512.72	82.18
595508.34	3352512.49	82.74
595510.90	3352510.86	30.87
595510.54	3352511.28	52.29
595510.75	3352511.14	47.90
595511.60	3352510.60	30.83
595511.03	3352511.15	56.52
595511.77	3352510.87	55.77
595512.01	3352510.72	50.88
595512.28	3352510.55	45.53
595512.60	3352510.53	53.18
595512.80	3352510.40	49.04
595513.32	3352510.27	52.91
595514.07	3352509.97	51.50
595514.69	3352509.77	53.21
595514.82	3352509.69	50.72
595514.95	3352509.61	48.12
595515.55	3352509.42	51.08
595515.75	3352509.30	47.21
595516.23	3352509.17	50.52
595516.51	3352508.99	44.78
595516.99	3352508.89	50.68
595517.31	3352508.69	44.32
595517.67	3352508.47	37.27
595517.92	3352508.49	46.03
595517.27	3352509.10	73.88
595518.63	3352508.24	47.07
595517.80	3352508.94	76.73
595519.26	3352508.03	48.09
595518.24	3352508.83	80.67
595518.36	3352508.76	78.31
595519.99	3352507.74	46.42
595519.10	3352508.48	77.72
595520.56	3352507.57	49.27
595520.77	3352507.43	45.04
595519.69	3352508.27	78.73
595521.16	3352507.36	50.13
595521.98	3352507.04	48.91
595522.11	3352506.96	46.39
595522.63	3352506.81	49.21
595522.75	3352506.73	46.85
595523.20	3352506.64	52.52
595523.34	3352506.56	49.86
595523.75	3352506.48	55.38
595523.86	3352506.41	53.14
595524.06	3352506.29	49.40
595524.49	3352506.18	53.44
595525.29	3352505.88	52.72
595524.37	3352506.63	83.82
595526.29	3352505.44	46.94
595524.97	3352506.44	86.18
595525.12	3352506.35	83.33
595526.88	3352505.25	49.34
595527.11	3352505.11	45.11
595525.49	3352506.30	90.02
595526.11	3352506.10	91.69
595526.25	3352506.01	88.97
595526.97	3352505.75	89.43
595527.24	3352505.58	84.28
595529.13	3352504.41	48.26
595529.52	3352504.17	40.91
595527.89	3352505.34	84.15
595529.95	3352504.07	45.01
595528.48	3352505.16	86.71
595529.04	3352504.82	76.18
595529.07	3352504.96	87.56
595529.80	3352504.68	86.81
595526.73	3352504.54	49.24
595526.91	3352504.43	45.70
595525.46	3352505.51	86.71
595526.06	3352505.31	88.09
595526.20	3352505.21	85.26
595526.93	3352504.94	84.25
595528.79	3352503.78	48.62
595528.99	3352503.66	44.98
595527.61	3352504.69	84.51
595528.29	3352504.27	71.62
595529.62	3352503.44	46.22
595528.38	3352504.39	83.26
595503.31	3352514.17	70.57
595503.48	3352514.06	67.12
595504.25	3352513.77	66.83
595504.84	3352513.39	54.65
595505.03	3352513.27	50.85
595504.26	3352513.95	80.47
595505.48	3352513.17	55.54
595504.92	3352513.72	81.20
595506.10	3352512.97	57.18
595506.48	3352512.72	49.40
595505.65	3352513.46	81.79
595505.94	3352513.27	75.95
595506.21	3352513.29	84.77
595500.65	3352514.09	48.85
595501.31	3352513.85	48.88
595500.36	3352514.66	83.79
595502.13	3352513.52	47.11
595502.42	3352513.34	41.07
595501.06	3352514.41	84.71
595503.26	3352513.19	52.82
595503.45	3352513.06	48.75
595504.12	3352512.84	50.42
595504.77	3352512.61	51.57
595505.72	3352512.21	47.21
595505.94	3352512.07	42.61
595506.49	3352511.72	31.36
595506.42	3352511.95	46.98
595506.62	3352511.82	42.78
595507.18	3352511.47	31.39
595506.86	3352511.86	51.90
595507.06	3352511.73	47.80
595507.28	3352511.58	43.24
595505.90	3352512.65	85.20
595507.39	3352512.07	83.07
595508.77	3352511.19	54.92
595508.96	3352511.07	51.11
595508.07	3352511.83	83.20
595508.24	3352511.71	79.59
595509.30	3352511.04	58.16
595509.17	3352511.32	75.62
595510.11	3352510.73	56.79
595510.40	3352510.54	50.85
595510.85	3352510.44	55.61
595511.12	3352510.27	50.13
595511.43	3352510.24	56.69
595511.78	3352510.02	49.73
595512.73	3352509.42	30.64
595512.41	3352509.83	52.62
595512.68	3352509.66	47.14
595512.99	3352509.65	55.11
595513.56	3352509.48	57.61
595513.71	3352509.38	54.56
595513.82	3352509.30	52.13
595514.51	3352509.06	52.75
595515.34	3352508.73	50.95
595515.94	3352508.55	53.70
595516.18	3352508.40	49.04
595516.62	3352508.13	40.28
595515.46	3352509.03	76.34
595517.19	3352507.94	42.12
595516.28	3352508.69	73.88
595517.63	3352507.85	47.37
595517.77	3352507.76	44.58
595516.98	3352508.43	73.03
595518.30	3352507.60	46.98
595518.97	3352507.36	47.30
595519.09	3352507.28	44.98
595519.23	3352507.19	42.22
595517.88	3352508.23	83.07
595518.09	3352508.10	79.03
595519.77	3352507.05	46.09
595518.57	3352507.97	82.67
595519.50	3352507.58	79.00
595521.02	3352506.63	49.34
595521.23	3352506.50	45.24
595521.69	3352506.38	48.75
595522.40	3352506.12	48.65
595522.85	3352506.03	54.36
595523.07	3352505.89	50.13
595523.68	3352505.70	52.55
595524.01	3352505.49	46.03
595524.17	3352505.57	56.16
595524.36	3352505.46	52.69
595524.57	3352505.32	48.45
595525.06	3352505.20	52.55
595525.26	3352505.07	48.65
595525.47	3352504.94	44.65
595524.19	3352505.94	84.35
595524.52	3352505.74	78.01
595526.23	3352504.67	45.04
595526.53	3352504.49	39.36
595524.79	3352505.75	86.41
595524.94	3352505.65	83.56
595525.25	3352505.46	77.69
595515.40	3352507.92	51.96
595515.62	3352507.79	47.63
595515.13	3352508.28	71.42
595516.30	3352507.55	48.32
595516.57	3352507.38	43.07
595515.43	3352508.26	78.37
595515.68	3352508.11	73.45
595517.09	3352507.23	45.76
595516.03	3352508.08	81.10
595516.42	3352507.83	73.45
595517.79	3352506.98	46.52
595517.17	3352507.54	71.78
595518.53	3352506.69	45.07
595517.28	3352507.66	83.85
595517.45	3352507.55	80.51
595517.97	3352507.23	70.43
595519.30	3352506.40	44.32
595517.95	3352507.42	84.51
595518.25	3352507.23	78.51
595519.98	3352506.16	44.88
595518.60	3352507.18	84.41
595518.91	3352506.99	78.41
595519.76	3352506.65	76.44
595521.13	3352505.80	49.86
595521.67	3352505.65	53.31
595521.86	3352505.53	49.67
595522.62	3352505.05	34.71
595522.82	3352504.93	30.83
595522.32	3352505.41	53.54
595522.71	3352505.17	46.19
595523.07	3352504.95	39.33
595523.25	3352505.03	50.22
595523.53	3352504.86	44.81
595524.14	3352504.66	47.07
595524.40	3352504.50	42.15
595524.98	3352504.14	31.00
595522.91	3352505.61	85.13
595523.54	3352505.38	85.10
595529.32	3352503.81	65.41
595529.01	3352504.17	84.51
595529.68	3352503.94	85.40
595500.21	3352513.41	46.42
595500.78	3352513.25	49.86
595500.98	3352513.12	45.73
595501.24	3352512.95	40.32
595501.46	3352512.99	49.21
595501.59	3352512.91	46.68
595501.86	3352512.74	41.04
595500.47	3352513.82	84.54
595502.24	3352512.69	47.83
595501.22	3352513.55	84.80
595502.95	3352512.45	49.21
595503.62	3352512.21	50.03
595504.26	3352511.99	51.21
595504.38	3352511.92	48.78
595504.54	3352511.81	45.50
595505.12	3352511.62	46.94
595505.82	3352511.35	46.16
595506.07	3352511.19	41.14
595506.37	3352511.00	35.07
595506.51	3352510.91	32.15
595504.77	3352512.21	82.11
595505.35	3352512.04	84.80
595505.51	3352511.94	81.52
595506.01	3352511.80	85.49
595506.30	3352511.62	79.62
595506.78	3352511.51	84.28
595507.57	3352511.19	81.82
595507.67	3352511.12	79.72
595508.88	3352510.35	55.28
595508.27	3352510.93	81.56
595509.48	3352510.16	57.11
595510.06	3352509.99	60.33
595510.30	3352509.84	55.41
595510.98	3352509.60	56.59
595511.16	3352509.49	52.85
595511.76	3352509.28	53.74
595512.05	3352509.10	47.96
595512.60	3352508.95	52.23
595512.96	3352508.72	45.01
595513.16	3352508.79	55.31
595514.09	3352508.40	51.67
595514.67	3352508.20	53.18
595514.87	3352508.08	49.21
595515.17	3352507.89	43.33
595514.39	3352508.56	71.94
595515.20	3352508.05	55.87
595500.57	3352512.33	50.29
595500.72	3352512.23	47.21
595501.40	3352512.00	48.39
595500.12	3352513.19	102.65
595500.43	3352512.99	96.12
595501.15	3352512.72	95.83
595503.44	3352511.25	48.55
595504.01	3352511.07	50.22
595504.93	3352510.48	31.33
595504.89	3352510.71	47.67
595505.64	3352510.23	32.28
595503.97	3352511.48	79.92
595505.64	3352510.41	45.76
595506.24	3352510.03	33.43
595504.75	3352511.17	78.67
595506.32	3352510.17	46.55
595506.49	3352510.06	43.07
595507.06	3352509.70	31.26
595505.35	3352510.98	80.87
595506.76	3352510.08	51.90
595506.98	3352509.94	47.44
595506.01	3352510.74	80.57
595506.29	3352510.56	74.90
595507.40	3352509.85	52.23
595506.71	3352510.50	81.75
595508.11	3352509.61	53.24
595508.71	3352509.41	55.01
595509.22	3352509.27	58.85
595509.79	3352509.11	62.43
595509.99	3352508.98	58.23
595510.09	3352508.92	56.33
595510.94	3352508.58	53.70
595511.94	3352508.14	48.55
595512.28	3352508.10	54.72
595512.41	3352508.01	52.06
595512.60	3352507.89	48.16
595513.24	3352507.68	49.67
595513.87	3352507.46	50.42
595514.39	3352507.30	53.14
595514.13	3352507.66	73.22
595515.06	3352507.08	54.88
595515.24	3352506.97	51.31
595514.77	3352507.43	73.42
595514.90	3352507.35	70.80
595516.27	3352506.49	43.79
595516.46	3352506.37	39.86
595515.13	3352507.41	81.36
595516.29	3352506.68	58.49
595516.95	3352506.26	45.34
595515.69	3352507.23	83.33
595516.16	3352507.11	87.56
595516.94	3352506.81	86.28
595517.74	3352506.49	84.54
595517.86	3352506.42	82.25
595518.06	3352506.30	78.44
595518.49	3352506.21	84.02
595523.78	3352505.24	80.77
595524.63	3352504.90	78.24
595526.26	3352503.88	46.94
595526.66	3352503.63	39.20
595525.24	3352504.69	79.29
595526.90	3352503.65	47.34
595525.57	3352504.65	85.95
595525.74	3352504.55	82.67
595526.05	3352504.35	76.73
595527.55	3352503.43	48.06
595526.36	3352504.34	84.41
595526.54	3352504.23	81.03
595528.44	3352503.05	44.65
595527.66	3352503.71	72.30
595529.07	3352502.83	45.24
595528.23	3352503.55	76.21
595512.75	3352507.18	35.99
595512.68	3352507.40	50.49
595513.35	3352507.17	52.32
595513.65	3352506.98	46.29
595514.06	3352506.90	51.41
595514.27	3352506.77	47.14
595513.68	3352507.33	73.09
595514.63	3352506.73	54.33
595514.20	3352507.19	76.77
595514.43	3352507.04	72.21
595515.52	3352506.36	50.59
595515.72	3352506.23	46.58
595514.69	3352507.04	79.75
595516.75	3352505.75	38.97
595515.29	3352506.87	83.10
595520.20	3352505.15	50.65
595519.40	3352505.83	79.98
595519.59	3352505.71	76.37
595520.82	3352504.94	52.26
595520.96	3352504.85	49.47
595521.37	3352504.79	56.13
595521.59	3352504.65	51.96
595520.66	3352505.41	83.66
595522.23	3352504.44	53.24
595521.40	3352505.14	83.20
595524.07	3352503.47	31.16
595521.88	3352505.01	86.97
595524.77	3352503.21	31.00
595522.47	3352504.81	88.09
595523.13	3352504.58	88.81
595525.10	3352503.35	50.85
595523.89	3352504.29	87.63
595525.85	3352503.06	49.80
595524.65	3352503.99	86.64
595526.59	3352502.79	49.44
595527.71	3352502.28	41.89
595527.93	3352502.14	37.59
595528.28	3352501.92	30.80
595528.03	3352502.25	48.39
595528.27	3352502.10	43.79
595528.61	3352502.07	50.82
595528.68	3352502.02	49.47
595529.36	3352501.78	49.80
595529.76	3352501.53	42.12
595529.90	3352501.44	39.46
595529.07	3352502.31	82.15
595500.31	3352511.88	47.11
595501.54	3352511.46	49.24
595500.36	3352512.59	102.49
595501.40	3352512.12	95.53
595502.00	3352511.74	83.13
595503.49	3352510.78	52.32
595503.82	3352510.57	45.43
595504.39	3352510.40	48.29
595505.20	3352509.89	31.75
595505.60	3352509.82	37.66
595505.82	3352509.67	33.00
595504.25	3352510.87	79.59
595506.04	3352509.73	42.97
595506.60	3352509.37	31.36
595506.29	3352509.76	52.13
595506.48	3352509.64	48.26
595505.98	3352510.16	73.91
595507.03	3352509.49	52.59
595507.31	3352509.31	46.91
595506.21	3352510.19	82.38
595506.60	3352509.94	74.54
595507.57	3352509.32	54.56
595507.32	3352509.69	75.22
595508.25	3352509.09	56.26
595508.84	3352508.91	58.49
595509.48	3352508.70	60.66
595509.68	3352508.57	56.59
595509.97	3352508.39	50.88
595509.46	3352508.90	75.03
595510.38	3352508.32	56.46
595510.64	3352508.15	51.18
595511.19	3352507.98	53.28
595511.72	3352507.64	42.68
595511.89	3352507.72	53.14
595512.14	3352507.56	48.09
595500.13	3352511.22	45.47
595500.47	3352511.00	38.28
595501.45	3352510.76	47.30
595502.19	3352510.28	31.85
595502.24	3352510.44	45.40
595502.92	3352510.01	31.36
595500.22	3352511.93	102.03
595500.88	3352511.69	101.83
595503.62	3352509.94	45.30
595504.97	3352509.28	32.74
595505.68	3352509.02	32.74
595506.30	3352508.81	34.12
595506.44	3352508.72	31.29
595506.31	3352509.01	49.37
595507.07	3352508.52	33.72
595506.90	3352508.82	51.57
595507.04	3352508.73	48.65
595507.32	3352508.55	42.74
595507.57	3352508.59	53.11
595507.86	3352508.41	47.37
595508.20	3352508.37	53.77
595508.34	3352508.29	51.08
595509.32	3352507.66	31.00
595508.69	3352508.24	57.64
595509.10	3352507.99	49.40
595508.60	3352508.49	73.35
595509.70	3352507.79	51.08
595509.98	3352507.61	45.43
595509.25	3352508.25	73.58
595510.10	3352507.71	56.46
595510.38	3352507.54	50.88
595509.98	3352507.99	73.94
595511.14	3352507.25	50.59
595511.46	3352507.05	44.09
595512.12	3352506.64	30.97
595511.57	3352507.15	54.59
595511.76	3352507.03	50.98
595512.06	3352506.84	44.91
595515.78	3352506.75	87.33
595516.42	3352506.53	88.25
595517.43	3352506.09	82.90
595518.03	3352505.89	84.84
595518.15	3352505.82	82.57
595518.28	3352505.74	79.98
595518.89	3352505.56	83.07
595520.39	3352504.62	53.80
595520.99	3352504.41	54.56
595521.15	3352504.31	51.41
595521.59	3352504.22	56.59
595521.98	3352503.97	49.08
595520.87	3352504.83	83.20
595522.45	3352503.85	52.49
595522.85	3352503.60	44.78
595521.40	3352504.68	86.05
595521.60	3352504.55	82.08
595522.07	3352504.45	87.69
595525.00	3352502.63	31.26
595522.66	3352504.25	88.94
595524.78	3352502.94	47.99
595523.44	3352503.96	88.35
595524.18	3352503.66	86.54
595526.36	3352502.31	44.55
595524.96	3352503.36	85.26
595527.63	3352501.89	47.80
595527.84	3352501.76	43.86
595528.53	3352501.33	30.57
595528.07	3352501.80	53.24
595528.34	3352501.63	48.06
595528.50	3352501.53	45.01
595528.85	3352501.49	51.77
595529.06	3352501.37	47.80
595529.93	3352501.00	44.32
595500.49	3352510.10	43.93
595500.94	3352509.82	34.71
595501.59	3352509.59	35.20
595501.76	3352509.48	31.72
595502.48	3352509.21	31.29
595502.88	3352509.17	38.94
595512.29	3352506.90	55.44
595512.61	3352506.69	49.01
595513.34	3352506.42	48.09
595513.63	3352506.23	42.22
595514.15	3352505.90	31.82
595513.88	3352506.25	50.88
595514.07	3352506.14	47.17
595514.71	3352505.93	49.08
595514.02	3352506.55	76.67
595515.49	3352505.62	47.37
595515.80	3352505.43	41.27
595514.59	3352506.37	79.52
595514.77	3352506.26	75.82
595514.96	3352506.14	72.11
595516.52	3352505.16	41.27
595515.06	3352506.26	84.15
595515.68	3352505.87	71.78
595515.76	3352506.02	84.97
595516.49	3352505.75	84.71
595517.29	3352505.42	82.28
595517.60	3352505.23	76.24
595519.26	3352504.19	43.50
595518.00	3352505.16	81.92
595519.67	3352504.11	49.14
595519.92	3352503.95	44.22
595519.63	3352504.31	62.89
595520.14	3352503.99	52.75
595520.11	3352504.19	67.12
595520.59	3352503.89	57.64
595520.82	3352503.74	53.14
595521.50	3352503.50	53.80
595521.65	3352503.41	50.88
595520.73	3352504.16	82.05
595522.22	3352503.23	53.14
595522.47	3352503.08	48.29
595521.27	3352504.01	85.85
595521.81	3352503.68	75.55
595522.98	3352502.95	52.69
595523.36	3352502.71	45.40
595521.82	3352503.84	88.02
595522.45	3352503.62	89.23
595523.18	3352503.35	88.54
595524.10	3352502.98	85.82
595525.04	3352502.56	80.41
595525.74	3352502.31	81.10
595528.12	3352501.02	49.31
595528.26	3352500.93	46.55
595528.48	3352500.80	42.38
595528.86	3352500.75	48.95
595529.15	3352500.57	43.33
595529.88	3352500.30	43.17
595508.22	3352507.65	72.07
595509.50	3352506.84	46.19
595509.76	3352506.67	40.91
595508.51	3352507.66	80.77
595508.86	3352507.43	73.52
595510.34	3352506.49	43.70
595509.22	3352507.39	80.41
595510.89	3352506.33	46.71
595511.06	3352506.22	43.33
595511.64	3352505.85	31.56
595511.59	3352506.06	45.57
595512.36	3352505.77	45.14
595513.07	3352505.32	30.61
595513.36	3352505.33	39.76
595513.80	3352505.06	31.06
595513.79	3352505.24	44.84
595513.87	3352505.20	43.40
595514.48	3352505.01	45.89
595513.82	3352505.61	72.99
595515.38	3352504.62	41.89
595514.66	3352505.28	71.45
595516.23	3352504.29	40.32
595516.45	3352504.15	35.79
595514.80	3352505.36	81.46
595516.09	3352504.73	69.61
595516.67	3352504.37	58.20
595517.57	3352503.79	40.15
595517.32	3352504.13	58.33
595518.04	3352503.68	44.32
595518.21	3352503.58	41.07
595518.86	3352503.34	41.53
595519.36	3352503.03	31.72
595519.20	3352503.33	49.73
595519.60	3352503.08	41.79
595519.70	3352503.19	52.75
595519.90	3352503.06	48.68
595520.77	3352502.52	31.75
595519.75	3352503.35	66.50
595519.94	3352503.23	62.72
595520.62	3352502.80	49.37
595520.28	3352503.19	69.02
595520.59	3352503.00	63.02
595521.12	3352502.66	52.59
595521.40	3352502.49	47.07
595521.72	3352502.46	54.19
595522.75	3352502.01	48.49
595523.63	3352501.46	31.33
595521.55	3352502.95	85.89
595522.19	3352502.54	73.35
595522.18	3352502.73	87.13
595522.88	3352502.47	86.94
595524.38	3352501.54	57.87
595524.61	3352501.40	53.57
595523.90	3352502.04	82.15
595525.03	3352501.33	60.40
595525.25	3352501.20	56.10
595524.61	3352501.77	82.15
595525.76	3352501.06	60.10
595525.99	3352500.92	55.67
595526.37	3352500.68	48.35
595526.78	3352500.60	53.54
595527.39	3352500.40	54.98
595527.76	3352500.17	48.06
595507.63	3352506.51	31.26
595507.27	3352506.92	51.93
595507.41	3352506.83	49.04
595508.03	3352506.64	51.64
595508.20	3352506.53	48.12
595507.38	3352507.24	78.87
595507.74	3352507.01	71.48
595507.76	3352507.17	84.08
595507.99	3352507.02	79.42
595508.40	3352506.96	86.51
595510.57	3352505.59	42.81
595511.01	3352505.50	48.19
595511.84	3352504.98	31.46
595510.41	3352506.06	74.14
595511.57	3352505.33	50.72
595511.77	3352505.20	46.78
595511.90	3352505.31	58.23
595512.34	3352505.03	49.40
595512.46	3352504.95	46.94
595512.82	3352504.73	39.76
595511.88	3352505.52	73.68
595513.16	3352504.71	48.12
595513.39	3352504.57	43.53
595512.31	3352505.45	80.08
595514.23	3352504.24	41.69
595514.80	3352504.05	43.40
595515.41	3352503.85	45.01
595515.57	3352503.74	41.66
595516.03	3352503.63	45.57
595516.34	3352503.44	39.50
595516.74	3352503.18	31.43
595515.48	3352504.16	70.63
595516.12	3352503.76	58.00
595517.02	3352503.20	40.22
595516.61	3352503.64	62.66
595516.82	3352503.51	58.30
595517.11	3352503.33	52.69
595517.75	3352502.93	40.09
595517.51	3352503.25	57.90
595518.11	3352502.87	45.96
595518.39	3352502.70	40.58
595516.98	3352503.77	82.93
595518.71	3352502.69	48.95
595517.59	3352503.56	83.62
595519.28	3352502.51	50.55
595519.49	3352502.37	46.35
595519.80	3352502.36	54.36
595520.15	3352502.15	47.57
595520.57	3352502.06	52.82
595520.00	3352502.61	78.51
595520.16	3352502.51	75.36
595520.57	3352502.25	67.25
595520.88	3352502.06	61.35
595520.69	3352502.36	78.60
595521.59	3352501.98	74.80
595522.35	3352501.70	74.80
595522.85	3352501.39	65.05
595523.06	3352501.44	74.70
595523.29	3352501.30	70.17
595523.96	3352500.88	57.31
595524.17	3352500.75	53.21
595524.49	3352500.73	60.49
595523.99	3352501.21	82.74
595525.12	3352500.51	61.05
595525.35	3352500.36	56.52
595503.23	3352508.94	31.56
595500.38	3352510.94	104.06
595500.82	3352510.66	94.94
595503.89	3352508.69	31.49
595501.50	3352510.42	96.16
595504.60	3352508.45	32.44
595505.29	3352508.20	32.90
595505.95	3352507.98	34.38
595506.07	3352507.89	31.59
595506.75	3352507.66	32.21
595507.43	3352507.40	31.79
595507.38	3352507.62	47.04
595508.17	3352507.12	31.13
595507.90	3352507.47	49.96
595508.79	3352506.91	31.95
595508.55	3352507.25	51.44
595508.75	3352507.13	47.40
595507.65	3352506.37	70.07
595508.39	3352505.90	55.01
595507.43	3352506.68	87.63
595507.55	3352506.61	85.23
595508.32	3352506.32	85.07
595509.01	3352505.88	70.99
595510.09	3352505.20	49.31
595510.34	3352505.04	44.09
595510.70	3352505.00	51.14
595510.32	3352505.44	74.01
595511.42	3352504.75	51.83
595511.89	3352504.62	55.44
595512.31	3352504.36	47.01
595511.26	3352505.21	81.98
595512.32	3352504.53	60.62
595513.14	3352504.02	44.19
595513.32	3352503.90	40.45
595511.97	3352504.94	81.56
595513.72	3352503.84	46.62
595512.50	3352504.77	83.75
595512.75	3352504.61	78.64
595514.51	3352503.51	43.70
595513.28	3352504.48	83.26
595513.45	3352504.38	79.92
595515.15	3352503.31	46.09
595514.01	3352504.19	81.52
595515.88	3352503.22	59.64
595516.57	3352502.79	45.99
595516.86	3352502.60	40.25
595524.67	3352500.97	83.23
595526.07	3352500.10	56.43
595500.55	3352509.32	47.30
595500.72	3352509.99	102.78
595501.07	3352509.77	95.70
595503.29	3352508.35	49.83
595504.03	3352508.06	48.22
595504.26	3352507.91	43.43
595504.84	3352507.54	31.69
595504.91	3352507.67	43.66
595505.48	3352507.31	32.05
595505.65	3352507.39	42.97
595505.89	3352507.24	38.05
595506.16	3352507.07	32.57
595506.07	3352507.29	47.24
595506.29	3352507.16	43.01
595506.82	3352506.82	32.02
595506.82	3352507.03	47.76
595507.10	3352506.85	42.06
595507.46	3352506.62	34.80
595517.01	3352503.06	78.51
595518.57	3352502.08	47.90
595517.45	3352502.96	83.53
595517.92	3352502.67	74.37
595519.10	3352501.93	51.11
595519.04	3352502.15	66.33
595519.63	3352501.79	54.88
595519.84	3352501.66	50.82
595520.03	3352501.72	60.62
595519.32	3352502.35	89.00
595519.94	3352501.97	77.13
595520.06	3352502.08	88.81
595520.50	3352501.80	80.08
595520.66	3352501.70	77.09
595520.74	3352501.82	88.35
595521.56	3352501.31	72.47
595523.61	3352500.03	32.54
595521.34	3352501.63	90.58
595523.04	3352500.74	70.14
595523.95	3352500.18	52.59
595524.34	3352500.11	58.43
595501.72	3352508.27	49.17
595500.49	3352509.42	102.09
595501.27	3352509.10	99.86
595503.81	3352507.48	47.60
595504.60	3352507.17	46.09
595505.29	3352506.73	31.75
595505.10	3352507.05	50.29
595505.27	3352506.94	46.78
595505.49	3352506.80	42.25
595505.97	3352506.49	32.38
595505.91	3352506.72	47.83
595506.09	3352506.60	44.09
595506.68	3352506.23	32.11
595505.36	3352507.26	73.45
595506.40	3352506.59	52.19
595506.63	3352506.45	47.57
595506.90	3352506.28	42.02
595507.34	3352506.00	33.00
595505.89	3352507.09	75.85
595507.31	3352506.19	46.88
595507.86	3352506.05	51.21
595508.05	3352505.93	47.44
595507.28	3352506.61	77.88
595515.64	3352502.42	49.14
595515.92	3352502.43	58.00
595516.25	3352502.23	51.73
595516.22	3352502.43	66.53
595516.50	3352502.26	61.05
595516.66	3352502.16	57.93
595517.31	3352501.75	45.17
595517.97	3352501.34	32.21
595516.38	3352502.51	76.86
595516.89	3352502.19	66.76
595517.94	3352501.54	46.22
595516.60	3352502.55	86.25
595516.78	3352502.44	82.70
595517.61	3352502.12	81.52
595519.07	3352501.21	52.88
595518.02	3352502.05	87.40
595518.99	3352501.44	68.37
595519.69	3352501.00	54.52
595519.96	3352500.84	49.54
595518.64	3352501.83	88.54
595519.79	3352501.12	66.17
595520.48	3352500.69	52.62
595519.24	3352501.63	89.86
595519.64	3352501.38	81.95
595519.85	3352501.42	90.84
595520.03	3352501.31	87.17
595521.89	3352500.16	51.27
595520.73	3352501.05	87.49
595521.43	3352500.80	87.69
595522.14	3352500.36	73.91
595522.60	3352500.43	92.09
595501.51	3352507.61	51.04
595500.45	3352508.67	102.09
595500.59	3352508.59	99.34
595500.81	3352508.44	94.78
595501.99	3352507.89	85.46
595503.57	3352506.87	52.65
595503.80	3352506.74	48.35
595502.69	3352507.63	84.97
595504.81	3352506.45	54.49
595516.38	3352503.08	63.09
595516.62	3352502.93	58.26
595517.40	3352502.44	42.91
595517.02	3352502.86	63.54
595517.27	3352502.70	58.46
595517.81	3352502.36	47.83
595516.82	3352503.16	81.85
595506.04	3352505.60	82.97
595506.80	3352505.11	67.48
595506.84	3352505.27	80.15
595508.40	3352504.27	48.32
595507.41	3352505.09	82.77
595509.07	3352504.04	49.21
595509.22	3352503.95	46.09
595508.04	3352504.87	83.23
595509.67	3352503.84	50.36
595508.70	3352504.65	84.97
595509.23	3352504.31	74.27
595510.25	3352503.67	53.74
595511.01	3352503.36	51.70
595511.52	3352503.04	41.37
595511.77	3352502.88	36.28
595512.01	3352502.73	31.59
595510.40	3352503.94	78.57
595510.89	3352503.81	82.67
595511.52	3352503.42	70.07
595511.23	3352503.77	88.97
595511.52	3352503.59	83.13
595511.94	3352503.52	89.76
595512.11	3352503.42	86.48
595512.85	3352503.14	85.82
595513.11	3352502.98	80.70
595514.66	3352502.01	49.90
595513.63	3352502.83	83.72
595515.21	3352501.84	52.29
595514.82	3352502.27	74.54
595515.81	3352501.65	54.98
595515.79	3352501.85	69.91
595516.71	3352501.28	51.86
595517.01	3352501.09	45.76
595516.00	3352501.92	80.41
595516.34	3352501.71	73.75
595516.57	3352501.55	68.89
595517.76	3352500.81	45.57
595518.48	3352500.36	31.36
595516.60	3352501.71	81.13
595516.86	3352501.54	75.98
595518.69	3352500.59	54.16
595518.87	3352500.48	50.59
595517.63	3352501.42	87.86
595519.38	3352500.33	53.57
595519.65	3352500.16	48.19
595518.26	3352501.20	88.74
595518.62	3352500.97	81.72
595519.23	3352500.60	69.88
595519.04	3352500.90	87.69
595519.30	3352500.74	82.51
595519.61	3352500.71	89.20
595519.80	3352500.60	85.62
595520.26	3352500.51	91.69
595520.50	3352500.36	87.04
595520.89	3352500.28	91.96
595521.13	3352500.13	87.33
595521.52	3352500.07	93.20
595504.95	3352506.36	51.60
595505.16	3352506.23	47.40
595504.69	3352506.73	72.73
595505.79	3352506.03	50.16
595506.65	3352505.49	32.61
595505.17	3352506.62	77.55
595505.34	3352506.51	74.01
595507.16	3352505.35	36.77
595507.39	3352505.21	32.11
595505.82	3352506.39	78.21
595507.40	3352505.39	45.89
595507.57	3352505.28	42.48
595508.02	3352505.00	33.33
595508.07	3352505.15	46.71
595508.61	3352504.81	35.82
595506.86	3352506.12	86.38
595507.10	3352505.96	81.36
595508.50	3352505.08	53.05
595507.64	3352505.82	85.56
595508.30	3352505.58	85.40
595508.61	3352505.38	79.13
595508.81	3352505.26	75.13
595509.43	3352505.05	76.67
595510.59	3352504.31	53.14
595510.78	3352504.19	49.34
595511.30	3352504.04	52.13
595511.54	3352503.89	47.30
595510.43	3352504.77	83.36
595510.56	3352504.69	80.77
595511.07	3352504.55	84.94
595511.68	3352504.18	73.03
595511.71	3352504.33	85.62
595512.40	3352504.10	86.87
595512.62	3352503.96	82.41
595513.29	3352503.71	82.11
595513.51	3352503.57	77.72
595515.24	3352502.48	43.30
595514.09	3352503.38	79.72
595500.17	3352506.82	95.34
595500.92	3352506.54	95.11
595502.91	3352505.27	54.06
595503.68	3352504.97	52.52
595503.85	3352504.86	49.01
595504.68	3352504.33	31.92
595504.38	3352504.73	53.83
595504.61	3352504.58	49.14
595504.10	3352505.08	72.67
595504.22	3352505.01	70.30
595505.00	3352504.51	54.23
595505.12	3352504.43	51.77
595504.09	3352505.28	87.43
595506.82	3352503.54	31.59
595504.66	3352505.10	89.30
595504.82	3352504.99	86.02
595505.02	3352504.86	81.82
595506.88	3352503.68	43.93
595505.36	3352504.83	88.45
595506.04	3352504.60	89.79
595508.40	3352503.10	41.79
595508.90	3352502.78	31.72
595500.31	3352507.33	55.70
595501.23	3352506.94	51.37
595500.26	3352507.93	99.80
595501.12	3352507.58	96.68
595503.82	3352506.06	56.36
595503.94	3352505.98	54.00
595504.23	3352505.80	48.09
595504.29	3352505.93	59.77
595504.45	3352505.83	56.49
595504.23	3352506.18	76.90
595504.44	3352506.04	72.53
595504.92	3352505.93	77.49
595506.85	3352504.71	37.95
595507.13	3352504.53	32.25
595505.32	3352505.87	84.05
595507.50	3352504.49	39.82
595507.71	3352504.36	35.62
595515.66	3352500.38	71.91
595516.86	3352500.00	75.85
595506.48	3352504.49	93.89
595507.18	3352504.04	79.65
595508.85	3352502.99	45.76
595509.54	3352502.55	31.72
595507.02	3352504.35	98.45
595507.78	3352503.87	82.97
595508.39	3352503.66	83.85
595509.88	3352502.71	53.60
595510.21	3352502.51	47.04
595510.82	3352502.29	48.19
595511.30	3352502.00	38.77
595510.03	3352503.00	79.36
595511.52	3352502.06	49.44
595510.57	3352502.84	82.48
595510.82	3352502.68	77.32
595512.25	3352501.79	48.95
595512.62	3352501.55	41.50
595511.12	3352502.68	85.62
595511.38	3352502.52	80.47
595511.80	3352502.44	86.05
595512.73	3352502.05	82.44
595512.93	3352501.93	78.54
595513.59	3352501.70	79.36
595515.36	3352500.58	44.16
595514.55	3352501.27	74.04
595515.67	3352500.57	51.77
595515.90	3352500.43	47.30
595515.40	3352500.92	71.03
595516.67	3352500.12	45.76
595516.50	3352500.58	75.75
595517.37	3352500.22	72.40
595506.16	3352503.40	100.55
595508.69	3352501.80	49.11
595501.22	3352505.41	52.09
595501.45	3352505.26	47.30
595501.94	3352505.15	52.69
595500.71	3352506.12	92.42
595503.21	3352504.72	55.47
595503.36	3352504.63	52.39
595504.38	3352503.97	31.29
595504.15	3352504.30	49.47
595504.27	3352504.22	46.94
595504.80	3352503.89	36.12
595504.99	3352503.76	32.02
595503.82	3352504.70	70.70
595504.80	3352504.07	50.42
595504.96	3352503.97	47.24
595505.68	3352503.51	32.34
595503.76	3352504.91	85.33
595504.34	3352504.54	73.39
595506.36	3352503.26	31.92
595503.90	3352505.01	97.01
595504.32	3352504.74	88.18
595504.50	3352504.82	99.21
595504.94	3352504.55	90.28
595505.71	3352504.24	88.61
595505.91	3352504.30	98.72
595506.42	3352503.98	88.38
595506.57	3352504.05	98.22
595507.51	3352503.46	79.42
595507.24	3352503.83	100.09
595509.97	3352502.11	45.01
595510.49	3352501.98	49.31
595510.65	3352501.88	46.09
595511.02	3352501.64	38.48
595511.39	3352501.41	31.03
595509.67	3352502.66	78.83
595510.44	3352502.38	78.54
595511.88	3352501.47	49.60
595512.16	3352501.29	43.89
595512.36	3352501.17	39.96
595510.79	3352502.35	85.62
595511.62	3352502.02	84.15
595511.96	3352501.81	77.36
595513.78	3352500.66	40.91
595514.25	3352500.37	31.52
595512.46	3352501.66	80.24
595512.66	3352501.54	76.21
595513.07	3352501.28	67.94
595514.41	3352500.44	41.27
595513.32	3352501.30	76.70
595514.99	3352500.25	43.50
595513.95	3352501.09	77.95
595514.42	3352500.79	68.53
595515.57	3352500.07	45.63
595510.14	3352501.27	49.14
595510.87	3352501.00	49.08
595511.05	3352500.88	45.27
595511.75	3352500.44	31.16
595511.29	3352500.91	54.13
595512.09	3352500.41	38.05
595512.42	3352500.20	31.43
595510.66	3352501.50	80.80
595511.44	3352501.17	78.14
595512.30	3352500.64	61.02
595512.05	3352500.97	79.82
595512.69	3352500.76	81.23
595513.00	3352500.56	74.99
595513.35	3352500.52	81.65
595513.76	3352500.27	73.58
595500.30	3352505.44	92.28
595500.90	3352505.23	93.27
595504.18	3352503.34	41.10
595504.59	3352503.08	32.64
595503.43	3352504.00	70.07
595504.21	3352503.51	54.10
595504.44	3352503.36	49.27
595504.89	3352503.07	39.96
595503.44	3352504.19	84.74
595505.34	3352502.98	45.86
595503.95	3352504.05	88.18
595504.11	3352503.95	85.10
595504.18	3352504.09	97.44
595504.64	3352503.80	88.12
595504.75	3352503.92	100.82
595504.91	3352503.82	97.50
595505.31	3352503.57	89.33
595505.48	3352503.46	85.89
595505.41	3352503.68	101.31
595506.13	3352503.23	86.61
595500.74	3352503.92	51.54
595501.26	3352503.78	55.05
595501.50	3352503.63	50.09
595502.24	3352503.35	49.67
595503.09	3352502.81	31.98
595502.85	3352503.15	51.64
595503.06	3352503.02	47.34
595503.40	3352502.80	40.28
595503.51	3352502.92	52.32
595504.10	3352502.55	40.19
595504.32	3352502.41	35.69
595502.71	3352503.61	82.41
595504.10	3352502.72	53.70
595503.20	3352503.49	87.07
595503.42	3352503.36	82.74
595504.07	3352502.93	69.09
595505.20	3352502.23	46.19
595503.35	3352503.60	99.31
595504.06	3352503.15	84.97
595504.11	3352503.29	97.17
595505.03	3352502.91	93.73
595505.26	3352502.76	89.07
595507.23	3352501.51	48.81
595505.31	3352502.92	102.39
595505.43	3352502.85	99.93
595505.64	3352502.71	95.73
595506.03	3352502.66	102.42
595508.57	3352501.04	50.55
595506.96	3352502.25	97.34
595509.19	3352500.85	52.26
595509.89	3352500.58	51.80
595510.01	3352500.51	49.57
595510.23	3352500.37	45.14
595510.56	3352500.34	52.23
595511.05	3352500.20	55.11
595511.86	3352500.07	67.58
595512.07	3352500.13	77.98
595506.86	3352503.15	100.72
595509.36	3352501.57	50.19
595501.34	3352502.78	48.12
595502.00	3352502.54	47.99
595502.75	3352502.06	32.34
595502.43	3352502.47	54.85
595502.59	3352502.37	51.54
595503.53	3352501.77	31.98
595503.04	3352502.28	56.79
595503.19	3352502.18	53.57
595504.23	3352501.52	32.15
595502.40	3352502.87	83.89
595503.20	3352502.56	82.97
595503.79	3352502.18	70.70
595504.28	3352501.87	60.59
595504.51	3352501.73	55.97
595503.13	3352502.79	98.52
595505.35	3352501.39	53.14
595503.93	3352502.49	97.60
595504.39	3352502.19	88.12
595506.21	3352501.04	50.82
595504.38	3352502.37	101.37
595504.63	3352502.21	96.42
595506.96	3352500.74	48.95
595507.14	3352500.63	45.30
595505.06	3352502.12	101.77
595505.50	3352501.85	92.97
595505.69	3352501.90	102.16
595506.46	3352501.59	99.96
595507.09	3352501.20	87.40
595508.70	3352500.18	54.69
595500.16	3352501.93	57.38
595500.37	3352501.80	53.11
595500.27	3352502.25	85.00
595500.94	3352502.01	85.17
595501.73	3352501.69	82.84
595503.03	3352500.86	55.93
595503.28	3352500.71	50.85
595501.03	3352502.22	52.29
595501.89	3352501.84	47.67
595502.95	3352501.57	56.00
595502.39	3352502.12	82.64
595502.99	3352501.92	84.51
595503.63	3352501.52	71.48
595504.19	3352501.16	59.80
595502.96	3352502.11	98.32
595505.65	3352500.41	43.37
595503.57	3352501.92	100.29
595504.00	3352501.65	91.53
595506.00	3352500.38	50.65
595504.19	3352501.70	100.85
595504.93	3352501.43	100.85
595505.57	3352501.19	101.24
595506.32	3352500.91	100.45
595506.57	3352500.76	95.50
595507.20	3352500.54	96.85
595503.31	3352500.37	94.68
595504.19	3352500.01	91.66
595503.46	3352500.78	61.22
595503.70	3352500.62	56.23
595503.46	3352500.95	74.27
595504.19	3352500.49	59.41
595503.32	3352501.24	92.74
595503.67	3352501.19	99.17
595504.40	3352500.93	99.27
595504.55	3352500.83	96.16
595504.80	3352500.67	91.01
595505.15	3352500.63	97.47
595505.69	3352500.46	99.63
595506.54	3352500.13	97.73
595500.09	3352500.27	73.65
595500.11	3352500.45	88.05
595500.32	3352500.32	83.72
595500.59	3352500.15	78.18
595500.82	3352500.19	88.02
595501.00	3352500.08	84.35
595500.85	3352500.45	31.92
595500.79	3352500.66	46.29
595500.98	3352500.54	42.35
595501.20	3352500.39	37.72
595501.48	3352500.22	32.02
595500.22	3352501.39	86.74
595502.05	3352500.23	49.01
595500.97	3352501.12	86.54
595501.17	3352500.99	82.28
595502.69	3352500.02	50.85
595501.76	3352500.80	84.15
595502.96	3352500.22	73.45
595503.23	3352500.05	67.97
